[
  0.0870012343,
  -0.07656053,
  0.009522264,
  0.1038341,
  -0.05295067,
  -0.0469492674,
  0.0283364709,
  0.0236684866,
  -0.007911378,
  0.05987935,
  -0.0772586241,
  0.110763364,
  -0.0195817184,
  -0.0960907862,
  0.00891533,
  0.012698547,
  0.0219507255,
  -0.0357343666,
  -0.101232521,
  0.0201795045,
  0.04539286,
  0.02188644,
  -0.042452924,
  0.102333836,
  -0.0201518089,
  -0.05279116,
  -0.02142848,
  -0.06456008,
  0.08184949,
  0.07734945,
  0.108632475,
  -0.03941308,
  -0.00162011886,
  0.0155436806,
  0.0452951267,
  0.0508437939,
  -0.0502222,
  0.0379979759,
  0.0579445958,
  0.03104688,
  -0.05827694,
  0.08776826,
  0.07582622,
  0.00470103323,
  -0.07673685,
  -0.0185397435,
  0.07022359,
  0.03864669,
  -0.104938738,
  0.00377447321,
  -0.0124031017,
  0.0249571353,
  0.0428996235,
  0.0254422016,
  -0.109880894,
  0.08909594,
  -0.03267541,
  -0.06522022,
  0.08390148,
  0.08773287,
  -0.0113413911,
  -0.0105539663,
  0.101704925,
  0.014909016,
  0.0365074947,
  0.08044515,
  0.000550258439,
  -0.09100062,
  0.06551562,
  0.0338395126,
  -0.07395312,
  0.0368718058,
  0.0601524934,
  0.0356295,
  0.06940976,
  -0.008208486,
  -0.0325816721,
  -0.004270424,
  0.02314666,
  0.02233142,
  -0.05830999,
  0.05917009,
  -0.04270865,
  -0.006437677,
  0.07956009,
  0.0150269847,
  -0.0872466043,
  -0.06152117,
  -0.100492559,
  -0.036458265,
  0.065011546,
  -0.00581948459,
  0.105741039,
  -0.0715023,
  -0.0432748,
  0.0242599044,
  0.0155345257,
  -0.0779025555,
  -0.05990239,
  -0.02206921,
  0.0586090237,
  0.07203864,
  -0.09099448,
  0.0519352034,
  0.0432591327,
  0.07004355,
  -0.03536238,
  0.0774268061,
  0.026914984,
  0.03818191,
  0.07582796,
  -0.0606189,
  -0.0678096861,
  0.0677215,
  0.08943842,
  -0.0318486281,
  0.00719438773,
  0.00232512946,
  0.102456085,
  0.0928771049,
  -0.0705688745,
  0.09032747,
  -0.12311507,
  0.0007140958,
  -0.08263395,
  0.008884709,
  0.06940117,
  -0.07543947,
  -0.0122866295,
  -0.022656858,
  0.100110553,
  -0.104748227,
  -0.05587486,
  0.04464313,
  -0.0310368855,
  0.0390888937,
  -0.0226919428,
  0.0618604645,
  0.06124007,
  -0.04627194,
  0.0728472,
  -0.03455764,
  0.0143805919,
  0.0345711373,
  -0.00154122408,
  0.09156427,
  0.0697030053,
  -0.000434928865,
  -0.005435352,
  -0.03263849,
  -0.0604185723,
  0.07216521,
  0.0569361858,
  0.00462606223,
  0.13116397,
  0.0352133,
  0.0502826422,
  -0.0285619926,
  -0.052997373,
  0.008205278,
  -0.01629411,
  0.0272537135,
  0.03441098,
  0.0476776361,
  0.08687262,
  -0.109138936,
  -0.117810063,
  0.121787757,
  0.02945602,
  -0.0412991,
  0.0474182852,
  -0.00337457447,
  -0.06757956,
  -0.09078024,
  -0.0895093,
  -0.00183317659,
  -0.07799376,
  0.02008728,
  -0.010749598,
  -0.0204820577,
  0.0480996221,
  -0.08660653,
  -0.0396843,
  -0.070329,
  -0.0200284272,
  0.0537682325,
  0.103651166,
  -0.097864,
  0.03749257,
  0.07300912,
  -0.0486600362,
  0.03501173,
  0.0201305319,
  -0.03183968,
  -0.008742746,
  0.016860852,
  0.0608270466,
  -0.03615537,
  0.056407664,
  -0.06778036
]