[
  [
    -0.193980053,
    -0.004729462,
    0.118332759,
    0.0004000067,
    0.3886328,
    0.07616357,
    0.430308223,
    0.0101719229,
    -0.05743942,
    0.324560672,
    -0.08337134,
    0.169677451,
    0.18349798,
    0.140688181,
    0.152992278,
    0.31984672,
    -0.09810405,
    0.215445042,
    -0.192597747,
    -0.182360917,
    -0.684511065,
    -0.17167668,
    -0.159182578,
    0.08281785,
    0.215831965,
    -0.325145632,
    0.109916851,
    -0.472928137,
    -0.394139856,
    0.132043019,
    0.190898091,
    0.0620414577,
    -0.107436925,
    -0.220194161,
    -0.483556539,
    0.511822164,
    0.08795355,
    0.2538535,
    -0.146654248,
    0.233211771,
    -0.0497398823,
    0.140701145,
    -0.03134222,
    0.0247023311,
    -0.105469279,
    0.184368059,
    -0.1838581,
    0.161918178,
    -0.0531495064,
    0.40773195,
    0.008821777,
    0.119734004,
    -0.24723874,
    -0.124795347,
    -0.114537343,
    -0.5123714,
    0.216236666,
    0.390609682,
    0.120537162,
    -0.1378635,
    -0.6404156,
    0.3212692,
    -0.191317126,
    -0.08022173,
    0.00330751063,
    0.0244922377,
    -0.13531749,
    -0.244728208,
    0.05226031,
    -0.0577705428,
    -0.5338851,
    0.330284119,
    -0.3100617,
    -0.44768846,
    -0.749444962,
    0.4885206,
    0.210638985,
    0.434567541,
    0.124382034,
    -0.159285411
  ],
  [
    0.1117937,
    -0.0377538055,
    -0.1579458,
    -0.439109653,
    -0.4728977,
    0.3325579,
    -0.153420568,
    0.336502135,
    -0.0524074435,
    -0.168075591,
    -0.0260586478,
    0.2315457,
    0.105629615,
    0.293199778,
    -0.276137859,
    -0.0860555544,
    -0.05018325,
    -0.0210104547,
    0.326192826,
    -0.2726314,
    -0.4645952,
    -0.012084282,
    -0.106251583,
    -0.142188355,
    -0.09130003,
    -0.4329846,
    0.267511278,
    0.433217943,
    0.06738739,
    0.1925951,
    0.175166756,
    0.216035917,
    0.0824730545,
    -0.225094676,
    0.3692109,
    0.240717441,
    -0.5830879,
    0.3311113,
    0.0135679012,
    0.447728068,
    0.08298871,
    0.1935254,
    0.004796721,
    -0.09487188,
    -0.117453307,
    0.1321788,
    -0.00763366045,
    0.105407447,
    -0.08635733,
    0.334939033,
    0.02191297,
    -0.318833232,
    -0.02627899,
    -0.313025743,
    0.0637407154,
    -0.191625938,
    0.180154949,
    -0.100421853,
    -0.06742256,
    0.3516492,
    0.3209809,
    -0.13022995,
    0.146551356,
    -0.029489832,
    -0.09696451,
    -0.183963954,
    -0.137568757,
    0.1761295,
    0.315440357,
    0.496172577,
    -0.317958325,
    -0.307849973,
    -0.381099254,
    -0.099236466,
    -0.295113385,
    0.09766481,
    0.167427465,
    0.263558418,
    0.300672948,
    0.13010174
  ],
  [
    -0.491081983,
    -0.15690428,
    0.145375192,
    0.0203324277,
    0.1371216,
    0.0369908661,
    0.372920483,
    -0.18291603,
    0.0272179227,
    0.1696992,
    0.0172653738,
    -0.0119611463,
    -0.242164031,
    0.0404320732,
    0.460044384,
    -0.0102486527,
    -0.0589341,
    0.166302741,
    -0.3757126,
    -0.197310746,
    -0.419712782,
    -0.0192148387,
    0.29742232,
    -0.4645974,
    -0.17693302,
    0.07945292,
    -0.03789973,
    0.04572498,
    0.395138979,
    0.177965969,
    0.25836128,
    0.468238443,
    0.266048163,
    0.450314581,
    -0.3155662,
    0.496613532,
    0.5315478,
    0.216123372,
    -0.241730779,
    -0.124568284,
    -0.144346654,
    -0.125638783,
    0.175061762,
    -0.355694264,
    0.2312196,
    -0.147899628,
    0.006700435,
    -0.1129625,
    -0.04865747,
    -0.23930566,
    0.287161559,
    0.00739072,
    -0.04804195,
    0.03198413,
    -0.3314659,
    -0.0367077477,
    -0.4279812,
    -0.494393945,
    0.295656741,
    -0.3345724,
    0.127949253,
    -0.0020705394,
    -0.372849554,
    -0.07373023,
    0.134634212,
    -0.17499055,
    -0.141225219,
    0.246256873,
    0.08285762,
    0.182423592,
    -0.3903201,
    -0.5670313,
    -0.27965492,
    0.0484957546,
    -0.302137315,
    0.183743387,
    -0.09346424,
    -0.306986064,
    0.39639762,
    -0.07333301
  ],
  [
    -0.0318596624,
    -0.00656429725,
    -0.131298363,
    0.4409663,
    0.2686786,
    0.263562083,
    -0.16174221,
    -0.110708259,
    -0.1316535,
    0.19548668,
    0.175191358,
    -0.0916939,
    -0.150196433,
    -0.0465014242,
    0.155931637,
    -0.113196366,
    -0.2672576,
    -0.0529493429,
    0.221218109,
    -0.138194233,
    -0.791389,
    0.358661,
    -0.00709316833,
    -0.452902347,
    -0.54994446,
    -0.152839273,
    -0.02590002,
    0.4513171,
    -0.224095762,
    -0.226834655,
    -0.0248172767,
    -0.397588223,
    0.08305108,
    0.0272011068,
    0.2591784,
    0.379002154,
    -0.432357341,
    -0.224626571,
    0.0453054048,
    0.0871277153,
    -0.4260803,
    0.166089177,
    0.6118505,
    0.28708902,
    0.353938252,
    0.137606069,
    0.317307055,
    0.213714153,
    0.3632321,
    0.187360451,
    -0.327792466,
    -0.27248,
    -0.0145746274,
    0.314599484,
    0.426967949,
    0.120185018,
    0.0356929675,
    -0.170335531,
    -0.246857956,
    -0.5452238,
    0.213698611,
    0.305431336,
    -0.0762348846,
    -0.07631269,
    -0.238483891,
    0.516249955,
    0.0192746781,
    -0.19406803,
    -0.0296678953,
    -0.348555237,
    -0.429269552,
    0.387391239,
    -0.4942774,
    -0.195287272,
    -0.339363247,
    0.357763559,
    0.137158424,
    -0.232194841,
    0.0583116151,
    -0.0891386941
  ],
  [
    0.220187292,
    0.430606484,
    -0.260605544,
    -0.150732309,
    0.0491565131,
    0.08369757,
    0.189424559,
    0.332220078,
    -0.185834154,
    0.0532173626,
    0.3463717,
    -0.01680883,
    -0.176323339,
    -0.451673657,
    0.153801173,
    0.0496801,
    -0.133391023,
    0.236572623,
    -0.0770755559,
    -0.335377,
    -0.7331194,
    -0.456813484,
    -0.10275349,
    0.729516447,
    -0.175810665,
    0.08459899,
    -0.08878276,
    -0.3249842,
    0.147627145,
    -0.2710031,
    -0.250228316,
    0.120322131,
    -0.0189131461,
    0.107926384,
    -0.005459998,
    0.467570573,
    -0.137788713,
    -0.08977435,
    0.191689149,
    0.03560018,
    -0.315621465,
    0.128174871,
    -0.4105159,
    -0.17066744,
    -0.08302836,
    -0.341981947,
    0.155440643,
    0.129887417,
    -0.14257507,
    -0.273056865,
    -0.457953036,
    0.0518894568,
    -0.307782918,
    0.153404057,
    -0.0149508808,
    -0.0545041338,
    0.5801398,
    0.197661668,
    -0.116212688,
    -0.137817711,
    -0.428105026,
    0.291379064,
    -0.0735257044,
    -0.0134680914,
    0.198228747,
    -0.2344235,
    0.0142061422,
    0.315289974,
    0.09326669,
    0.124903016,
    -0.485098481,
    -0.0468947552,
    -0.655975759,
    0.295759559,
    -0.5041592,
    0.262260169,
    -0.0295533,
    -0.182791874,
    0.01159514,
    -0.5609937
  ],
  [
    0.16224438,
    -0.00144828181,
    0.254490346,
    -0.4858976,
    -0.194530934,
    -0.453377068,
    -0.5364928,
    0.06423257,
    0.1220851,
    -0.422315985,
    0.117633879,
    -0.37864244,
    -0.007239566,
    -0.0837698951,
    0.08840335,
    0.08959511,
    0.2755398,
    -0.2176696,
    -0.0191218,
    -0.384177148,
    -0.5495392,
    -0.0283661839,
    0.279647917,
    -0.196488738,
    0.8811346,
    0.251078755,
    0.6042127,
    -0.148874491,
    0.218067423,
    -0.4217017,
    -0.217295021,
    0.300312459,
    0.105285563,
    -0.351222217,
    0.400245845,
    0.0332837328,
    0.0890453756,
    -0.204701975,
    -0.00184070063,
    -0.07576959,
    -0.0172251817,
    -0.314073682,
    -0.08551646,
    -0.170715451,
    0.405183643,
    0.287172,
    0.285727054,
    -0.230423823,
    0.133317143,
    -0.222378865,
    0.05047524,
    0.289552271,
    0.06821987,
    -0.52512,
    -0.008649299,
    0.332104981,
    0.2255889,
    0.392104566,
    -0.213032708,
    -0.1494934,
    -0.0187133718,
    -0.4767763,
    0.145715535,
    0.176923588,
    0.05783635,
    -0.2666907,
    0.435798734,
    -0.4826646,
    0.462209344,
    0.00266907155,
    -0.122290269,
    -0.0334627554,
    -0.442830563,
    -0.5706541,
    -0.257544845,
    0.429566741,
    -0.0153996274,
    0.141663551,
    0.236449167,
    0.0519888923
  ],
  [
    -0.5406572,
    0.156699136,
    0.0190417655,
    0.07586857,
    -0.176668316,
    -0.03183447,
    -0.237733662,
    -0.3870316,
    0.2218041,
    0.17293188,
    -0.19843705,
    -0.161382079,
    -0.0186247826,
    -0.123634495,
    -0.445008546,
    -0.0382870771,
    0.009245335,
    -0.06498259,
    -0.240197331,
    -0.167081654,
    -0.638852835,
    -0.216902509,
    0.00674485648,
    0.275105774,
    -0.05381621,
    -0.126200408,
    -0.373149067,
    0.3143009,
    -0.254290968,
    0.236570284,
    0.319898456,
    -0.115497813,
    -0.239282712,
    -0.342489868,
    0.214067787,
    0.464238971,
    0.139819518,
    0.06150296,
    0.148577541,
    0.06290416,
    -0.277309656,
    0.31049,
    0.0479781479,
    0.135312274,
    -0.387030274,
    -0.400383323,
    -0.246939942,
    -0.182642177,
    -0.06689774,
    -0.411868632,
    0.189661339,
    -0.183320165,
    0.00516240438,
    -0.03626324,
    0.280808926,
    0.06975115,
    -0.0485756136,
    0.39074558,
    -0.181658626,
    0.03021618,
    0.5266695,
    -0.401625365,
    0.3064712,
    0.08121081,
    -0.224196538,
    0.194929346,
    -0.0373419747,
    0.00956685,
    -0.232274458,
    -0.2832797,
    -0.451160878,
    0.184498012,
    -0.2181282,
    0.0552359745,
    -0.429608464,
    0.481105924,
    0.141838253,
    0.285057068,
    0.165987015,
    0.1062945
  ],
  [
    0.356524378,
    0.5054437,
    0.105513968,
    -0.455731541,
    0.09861143,
    -0.13943097,
    0.173376441,
    -0.04215741,
    -0.00241172174,
    -0.04692295,
    -0.0549244471,
    0.290314972,
    0.174160868,
    -0.0744942948,
    -0.03820413,
    0.09011006,
    0.362459064,
    -0.07532787,
    0.05154317,
    -0.120528027,
    -0.5787477,
    0.1785499,
    -0.119108275,
    0.3969729,
    0.03880287,
    0.09240154,
    0.497812748,
    -0.290155023,
    0.00730221625,
    0.260596216,
    -0.401962548,
    -0.395411938,
    -0.134899,
    -0.4021631,
    -0.0181604121,
    0.149284378,
    0.26924032,
    -0.286675751,
    -0.05996771,
    -0.169372767,
    -0.3396644,
    0.157578558,
    0.06794929,
    0.483841,
    0.193403572,
    0.428002447,
    0.0105021456,
    0.223463744,
    -0.1736986,
    0.35029307,
    0.241414562,
    0.238543287,
    0.183389053,
    -0.0386209,
    -0.09751477,
    0.316075683,
    0.08837431,
    -0.3460816,
    0.227383852,
    -0.136685058,
    -0.0978487,
    -0.0009900285,
    0.307275265,
    -0.3654104,
    -0.3739015,
    0.123790853,
    0.10295333,
    0.291368157,
    -0.0653435662,
    0.287946671,
    -0.07682004,
    -0.2945959,
    -0.403138548,
    0.488548279,
    -0.433811933,
    0.3693907,
    0.110450409,
    -0.107560106,
    -0.154491946,
    0.219515234
  ],
  [
    0.267125,
    0.00269515347,
    -0.373437941,
    0.18205902,
    0.148891687,
    -0.105005257,
    -0.281146437,
    0.154375181,
    -0.240987957,
    0.124903679,
    -0.225377813,
    0.0318003222,
    0.195935145,
    0.051342044,
    -0.2134171,
    0.160930619,
    0.002583258,
    0.05304257,
    0.294044673,
    -0.03115671,
    -1.17406225,
    -0.379480869,
    0.317268521,
    -0.464144647,
    0.17983453,
    0.03262574,
    -0.264556527,
    -0.353027433,
    -0.340004236,
    0.184569269,
    -0.05800637,
    -0.08381755,
    0.350172132,
    0.285586357,
    -0.413298339,
    0.7011562,
    -0.298837543,
    -0.217978045,
    -0.2413803,
    -0.136830762,
    -0.211550638,
    -0.038227316,
    0.1403466,
    -0.281077057,
    -0.398999274,
    -0.157752052,
    0.08699808,
    0.0405910574,
    -0.3667097,
    0.2760143,
    0.463419676,
    0.0556432456,
    0.401807845,
    0.457217485,
    0.23609896,
    0.41935572,
    -0.5342286,
    -0.161364108,
    0.312372476,
    0.0772032142,
    0.113562785,
    0.359090716,
    0.09328701,
    0.6842956,
    0.317611545,
    -0.138467118,
    0.121126421,
    -0.0171524454,
    -0.0113881277,
    -0.205698654,
    -0.122238159,
    0.38570112,
    -0.5638931,
    0.0175704286,
    -0.5247522,
    0.344961822,
    -0.397115976,
    -0.1612332,
    -0.5086531,
    -0.07778516
  ],
  [
    0.158263832,
    -0.7093963,
    0.13881442,
    0.08998313,
    -0.196379811,
    0.217715144,
    0.148402736,
    -0.08028118,
    -0.121784583,
    -0.06571531,
    -0.219519466,
    -0.234759077,
    -0.29586637,
    0.463109672,
    -0.16642341,
    0.0750690252,
    -0.4498245,
    0.135646343,
    -0.188462675,
    -0.1758347,
    -0.5663002,
    0.4074576,
    0.328880548,
    0.285909,
    0.195547417,
    -0.13149789,
    -0.483098149,
    0.374320775,
    0.100259058,
    0.08620761,
    -0.222470626,
    -0.331069052,
    0.116005458,
    -0.187834084,
    0.3196505,
    0.412000567,
    -0.08532789,
    0.370486021,
    -0.0136202071,
    -0.167806044,
    -0.16946654,
    -0.105580278,
    0.215858474,
    -0.278487355,
    -0.2620768,
    0.20816958,
    -0.085741,
    -0.102647692,
    0.16316928,
    0.039269425,
    -0.457031667,
    -0.207908571,
    -0.224950343,
    0.199344262,
    0.225050524,
    -0.0614582039,
    -0.44186154,
    0.50901,
    0.0198953152,
    0.293852061,
    -0.312738359,
    -0.321841061,
    -0.134895965,
    -0.22831887,
    0.356915563,
    -0.315173268,
    -0.3542425,
    0.244953334,
    -0.411559939,
    -0.3830659,
    -0.4007359,
    0.228095263,
    -0.252852648,
    0.3092571,
    -0.70142287,
    0.405296832,
    -0.0869442746,
    0.28441444,
    0.2759426,
    0.442356
  ]
]