[
  -0.0234200153,
  -0.130382091,
  0.0301003959,
  -0.00570707163,
  -0.09180056,
  0.01950477,
  -0.05017347,
  -0.0937280357,
  0.0481309257,
  -0.08279266,
  0.122183241,
  -0.0413211472,
  0.0359265469,
  -0.135595143,
  0.120819531,
  -0.1499827,
  -0.0859895945,
  -0.175714687,
  0.134424984,
  0.14947775,
  0.299021751,
  0.0044613136,
  -0.0779708251,
  -0.0397293642,
  -0.07393763,
  -0.0460706353,
  -0.008879776,
  -0.016381396,
  0.17802076,
  -0.0495385937,
  -0.0151256649,
  0.01756855,
  -0.06842404,
  0.104996271,
  0.00694896746,
  -0.169257328,
  0.0557113476,
  0.0411790721,
  0.05697046,
  -0.002336629,
  0.168506175,
  -0.08500604,
  -0.0826437846,
  0.0154647166,
  0.07723335,
  0.0534716174,
  0.135850459,
  -0.0301161818,
  -0.008422195,
  -0.0858435,
  -0.1193306,
  0.119001307,
  0.09444672,
  -0.0032185798,
  -0.138924778,
  -0.020502178,
  0.08938041,
  0.171498135,
  0.011034105,
  -0.07228697,
  -0.021398304,
  -0.252638429,
  -0.09516701,
  0.0320116766,
  0.0455055721,
  0.119492948,
  0.01841376,
  0.0203920621,
  0.0151681434,
  0.0705618262,
  0.108760089,
  0.139000565,
  0.211854711,
  -0.06469844,
  0.24731411,
  -0.231112838,
  0.183044508,
  0.0158681888,
  0.00132390088,
  0.026431
]