[
  [
    0.104256392,
    0.052763164,
    0.363991141,
    0.224225625,
    0.1380031,
    0.112066448,
    -0.00895685051,
    -0.104141876,
    0.05167047,
    0.182744667,
    -0.0321494341,
    -0.192534,
    0.103608385,
    -0.269504279,
    0.122403935,
    0.0228030514,
    0.09347311,
    -0.223293483,
    -0.162953272,
    -0.007758176,
    -0.331973851,
    0.0876656249,
    0.06301544,
    0.3759771,
    0.06144528,
    -0.09374645,
    0.1356508,
    0.127234221,
    0.2194167,
    -0.0429588333,
    -0.118533269,
    -0.0411322378,
    -0.000224103045,
    -0.22054176,
    -0.0560946539,
    -0.404185385,
    -0.0884353,
    -0.169794485,
    -0.09555408,
    0.00287158927,
    -0.03752759,
    0.05281241,
    0.164753,
    -0.09461462,
    0.152390927,
    0.05175761,
    0.174338356,
    0.06387065,
    0.149283171,
    -0.341335565,
    -0.13744694,
    0.0196705032,
    0.0217765383,
    -0.231413364,
    -0.101387724,
    -0.0482767671,
    -0.0325011238,
    -0.133783966,
    -0.286783129,
    0.1325939,
    -0.130944848,
    -0.102018282,
    0.136656523,
    0.0536824279,
    -0.2323806,
    -0.154994041,
    -0.128296152,
    -0.134367257,
    -0.033240214,
    0.00515301339,
    -0.09840115,
    -0.0578415133,
    -0.00250517833,
    -0.0583897,
    0.271864951,
    -0.3021511,
    0.06911336,
    -0.04171254,
    -0.196311474,
    -0.08176662
  ],
  [
    0.0142130824,
    -0.0100673288,
    -0.0582921542,
    -0.05616349,
    -0.0215394441,
    -0.1475649,
    0.073178,
    0.2821129,
    -0.034575697,
    0.07140602,
    0.138530657,
    -0.29062888,
    0.0309710186,
    0.286764354,
    0.0116702309,
    -0.0135890795,
    0.122869983,
    0.05733367,
    0.08593677,
    0.0295975432,
    -0.1964288,
    -0.249913543,
    -0.0514054932,
    0.153439283,
    -0.08567006,
    0.0443040468,
    -0.188385323,
    0.0163974669,
    -0.0958185345,
    0.04957196,
    -0.08577982,
    -0.0783435851,
    0.100814886,
    -0.0617489628,
    0.00736910943,
    -0.139172688,
    0.122571066,
    -0.0180455334,
    0.1700453,
    -0.06939486,
    -0.00295280735,
    -0.162810013,
    -0.000856038358,
    -0.182870016,
    0.157822981,
    -0.0311255753,
    0.07694027,
    -0.08596293,
    -0.121200547,
    -0.140449777,
    -0.161714211,
    0.04812297,
    0.00081301,
    0.168649316,
    0.0322067365,
    -0.251085818,
    -0.07914575,
    0.233720809,
    -0.0251089912,
    0.0656681359,
    0.0248102844,
    -0.0262781158,
    0.0419418551,
    0.143409565,
    0.0512840822,
    -0.363435447,
    0.114558235,
    0.06639415,
    0.0234115422,
    -0.07929821,
    -0.277329445,
    -0.133220613,
    -0.109909445,
    0.018666476,
    0.110597149,
    -0.19135806,
    -0.16280967,
    0.154601455,
    -0.06858758,
    0.191670716
  ],
  [
    -0.0814483538,
    -0.142596632,
    0.266163319,
    -0.12738204,
    -0.0104158595,
    -0.1690429,
    0.0765944645,
    -0.45245856,
    -0.152998552,
    0.00260985037,
    0.247490048,
    0.339052826,
    0.0535815246,
    0.0149643049,
    0.2168555,
    -0.2804037,
    0.04809906,
    -0.002399181,
    0.239778161,
    0.244798228,
    -0.363503754,
    0.111062743,
    -0.197885543,
    -0.2200388,
    0.208106071,
    -0.285477221,
    -0.007902861,
    0.203142911,
    0.06138557,
    -0.03807306,
    0.0820758,
    0.1921703,
    0.107066579,
    0.243328854,
    0.0103498269,
    0.0626617745,
    -0.0164871868,
    0.248109043,
    -0.102204978,
    0.296287,
    0.0009092768,
    0.00740561,
    -0.159204349,
    0.003979185,
    0.0105784368,
    0.08685498,
    -0.542214453,
    -0.0133018009,
    -0.0766922161,
    -0.217200369,
    -0.179531887,
    0.0307633281,
    0.263717622,
    0.06778962,
    -0.09088294,
    0.330818236,
    -0.06063537,
    0.251137018,
    -0.06661143,
    -0.113303006,
    0.131745875,
    -0.0349019729,
    -0.199208438,
    -0.04415397,
    0.181287453,
    -0.160742879,
    0.237124875,
    0.3180833,
    -0.378889352,
    -0.283002883,
    0.0972607955,
    -0.21529755,
    -0.0151821943,
    0.122235104,
    -0.06810652,
    -0.284499139,
    -0.3074987,
    -0.134127617,
    -0.061930038,
    -0.1901526
  ],
  [
    0.187000945,
    -0.189967468,
    -0.3499408,
    0.0178093445,
    0.00344756432,
    0.206538945,
    0.14135395,
    -0.5119107,
    0.0490759164,
    0.21168308,
    0.224023119,
    0.190609947,
    0.311695069,
    -0.0815487951,
    -0.00342372269,
    0.04810051,
    0.154492751,
    0.146099374,
    0.371174,
    0.3440167,
    -0.104573391,
    0.2519286,
    -0.272152632,
    -0.0831429139,
    -0.130625919,
    -0.01957877,
    -0.0124219712,
    0.116131075,
    0.0489233,
    -0.0517043322,
    0.0545694567,
    -0.268433362,
    -0.108574748,
    -0.234025583,
    0.122488424,
    -0.06426209,
    0.194686577,
    -0.240328416,
    -0.18269366,
    -0.008688422,
    -0.2623618,
    0.01994104,
    0.136139631,
    0.0411296152,
    -0.235380262,
    0.244315445,
    -0.2737765,
    0.0173518229,
    0.1407558,
    -0.122988679,
    -0.166001409,
    -0.122650236,
    -0.114149131,
    -0.0591678321,
    -0.0845351145,
    -0.490810484,
    -0.3451777,
    0.00426340057,
    0.0906195,
    0.3651478,
    0.1628184,
    0.00637921039,
    0.35478428,
    0.0313069448,
    -0.052204676,
    -0.09913521,
    -0.278222084,
    -0.160202116,
    -0.005387302,
    0.28502965,
    -0.009494348,
    -0.07963155,
    -0.168295711,
    0.0247933473,
    -0.151424259,
    -0.24439171,
    -0.249988019,
    -0.214889377,
    -0.229636,
    0.224064574
  ],
  [
    -0.0109474976,
    0.008494102,
    0.00393142272,
    0.23682414,
    -0.07668702,
    0.0227877609,
    0.226434931,
    -0.040231958,
    -0.0337965675,
    0.207566082,
    0.227104992,
    0.2339493,
    -0.148849845,
    -0.437126964,
    0.0475818552,
    -0.228517309,
    -0.09079108,
    0.116221279,
    0.254642874,
    -0.410629928,
    -0.258502424,
    -0.433111757,
    -0.275836,
    0.0144306868,
    -0.376941621,
    -0.118072495,
    -0.09817522,
    -0.09419827,
    0.188916668,
    -0.373058677,
    -0.126126483,
    -0.059396226,
    0.007181257,
    0.217460588,
    -0.0101883812,
    -0.260106653,
    0.101761334,
    -0.283072948,
    -0.223510548,
    -0.0292811,
    -0.01787546,
    0.0293199066,
    -0.218483418,
    0.0154882269,
    -0.101349682,
    0.0271456446,
    0.261014253,
    -0.0009993323,
    0.187095761,
    -0.228547856,
    -0.158675984,
    0.054704275,
    -0.00165171339,
    -0.0018071644,
    -0.149679229,
    0.08611857,
    -0.00791569,
    -0.08740321,
    0.0588451438,
    0.0856926,
    0.114706077,
    -0.0975220948,
    -0.06140433,
    -0.264239669,
    0.229293749,
    0.182176739,
    -0.07887219,
    0.309693933,
    0.0115065081,
    0.13709338,
    -0.23997587,
    -0.08526669,
    -0.0631644353,
    -0.213813558,
    0.418009937,
    -0.321877182,
    -0.0570633262,
    0.004710851,
    -0.00140532432,
    -0.0937892348
  ],
  [
    -0.2733846,
    -0.0103818858,
    -0.2278823,
    0.0854485,
    -0.2769592,
    0.220717609,
    0.01706172,
    0.006882217,
    -0.0151077341,
    -0.233813658,
    -0.3360257,
    -0.193006977,
    -0.437387675,
    0.204735249,
    -0.177155823,
    0.0453042723,
    -0.196561277,
    -0.02526872,
    0.04309992,
    -0.006072607,
    -0.215077385,
    0.223503456,
    -0.1766235,
    -0.2591878,
    0.196760222,
    0.21085386,
    0.241729245,
    0.06848221,
    -0.172797725,
    -0.223354161,
    0.09099719,
    0.1977319,
    -0.1126865,
    -0.19019939,
    0.0529689826,
    -0.224216372,
    -0.24374029,
    0.223421484,
    -0.0312534235,
    -0.385208815,
    0.275943458,
    -0.195238233,
    0.211555123,
    -0.03957422,
    -0.142423987,
    -0.552417338,
    0.319942832,
    -0.03996231,
    -0.09684216,
    -0.149523437,
    0.0872416645,
    -0.033860188,
    -0.262779832,
    0.201783314,
    -0.04555031,
    0.0103498576,
    0.121799327,
    -0.102018923,
    0.09723449,
    -0.0590521879,
    -0.4227544,
    -0.0114580169,
    0.03202555,
    -0.040800143,
    0.100077316,
    0.376797318,
    0.183572859,
    -0.114084624,
    0.053422682,
    -0.219725266,
    -0.251425773,
    0.2469673,
    0.195714563,
    -0.231492862,
    0.148860216,
    -0.0413122922,
    -0.108187005,
    -0.294155866,
    0.4205501,
    -0.225790143
  ],
  [
    0.09218565,
    0.08414043,
    0.0240192749,
    0.2884954,
    0.239635214,
    0.215876177,
    -0.232316583,
    0.5124581,
    -0.0177572239,
    -0.119964324,
    -0.0435149968,
    0.21989949,
    0.243970469,
    0.2922504,
    0.284742683,
    0.07053622,
    0.03071515,
    -0.047622852,
    0.137167588,
    -0.0250345524,
    -0.154193565,
    -0.0114014409,
    -0.283144534,
    0.433741778,
    0.0341568664,
    0.129099965,
    0.3316123,
    0.2282577,
    0.153582439,
    -0.03765044,
    0.151152089,
    -0.2512702,
    -0.157448843,
    0.03569507,
    0.126585439,
    -0.13773793,
    -0.0217618067,
    -0.189071313,
    -0.0243264567,
    -0.106703423,
    -0.186394751,
    -0.1983952,
    0.009311818,
    0.118622273,
    -0.0890477,
    0.152407274,
    0.1041369,
    -0.0581308678,
    -0.215344325,
    -0.08760033,
    0.07266762,
    0.18656458,
    0.0698491558,
    -0.0141293341,
    -0.04629928,
    -0.0886420459,
    0.1125452,
    -0.07187363,
    0.03631118,
    -0.04309068,
    -0.107549153,
    0.09371455,
    0.0780120045,
    0.165223017,
    -0.09790424,
    0.273356676,
    -0.07880083,
    -0.229520053,
    0.0003981014,
    0.04836633,
    0.3255647,
    0.166623563,
    -0.225616038,
    0.169773,
    -0.120209187,
    -0.304388255,
    -0.38521114,
    0.3363985,
    0.0566432141,
    0.3791894
  ],
  [
    -0.08869571,
    0.239989981,
    0.07774176,
    0.256025553,
    -0.155593365,
    0.212497324,
    -0.1717242,
    -0.346534073,
    0.134180129,
    -0.262077034,
    -0.207593262,
    -0.2019766,
    -0.102837764,
    0.269799471,
    -0.240154818,
    0.14339073,
    -0.109865077,
    -0.0953389257,
    0.0232782587,
    0.059137553,
    0.160829335,
    -0.31420812,
    -0.166740909,
    0.146456942,
    -0.138127908,
    0.06415913,
    0.253824055,
    -0.238203079,
    -0.1376236,
    0.335383415,
    -0.0324930772,
    -0.2924634,
    -0.0534156933,
    -0.0134792691,
    -0.07631857,
    -0.18723011,
    -0.139221653,
    -0.140795857,
    -0.204724073,
    0.335873574,
    0.391722858,
    0.0989406,
    -0.207403734,
    0.0166824143,
    -0.151293173,
    0.09345765,
    0.07694514,
    -0.19944346,
    0.17725727,
    -0.266027182,
    0.149618968,
    -0.233462036,
    0.00322531746,
    -0.07148403,
    0.278114766,
    0.304577947,
    0.161981538,
    -0.00145771308,
    -0.04493276,
    -0.09533654,
    -0.124873966,
    0.0784973651,
    -0.222001329,
    -0.0266620815,
    -0.206304118,
    0.150835946,
    -0.309672773,
    0.09018944,
    0.02407498,
    0.2541692,
    -0.262062341,
    0.02456079,
    -0.111548945,
    -0.190460786,
    -0.157061473,
    0.00666106446,
    -0.291594863,
    0.0227717217,
    -0.324280143,
    -0.02308769
  ],
  [
    -0.294860363,
    0.05430337,
    -0.06882183,
    0.19468841,
    -0.0832783356,
    -0.178517818,
    -0.0840833262,
    0.552447855,
    0.140718728,
    0.272862762,
    -0.01589524,
    0.144929975,
    -0.188225254,
    -0.2488168,
    0.363073856,
    0.06328795,
    0.223842114,
    0.124402344,
    0.367341965,
    -0.0619157366,
    -0.357710868,
    0.227096021,
    -0.194451645,
    -0.263118118,
    0.0955712348,
    -0.0396372452,
    0.2075348,
    -0.291647762,
    0.0199389942,
    0.195223331,
    0.4038477,
    0.144340083,
    0.190144509,
    0.218322366,
    0.0274002627,
    -0.408335119,
    -0.336423337,
    -0.076839976,
    -0.440285772,
    0.00360518042,
    0.00491419435,
    0.435264379,
    -0.3331365,
    0.00627785176,
    0.050606,
    0.172658771,
    -0.239993885,
    0.0522060767,
    0.04261202,
    -0.0599087365,
    0.09843604,
    -0.103708208,
    0.09076832,
    -0.168399841,
    0.120767049,
    -0.352285951,
    0.156447783,
    -0.29329294,
    -0.0448427051,
    -0.04074469,
    0.396064371,
    -0.155481622,
    -0.212768689,
    -0.259671867,
    -0.133261144,
    -0.158053547,
    0.0265540425,
    -0.02116046,
    0.546050549,
    0.0116183124,
    0.220950648,
    -0.05041848,
    0.156501859,
    -0.161204979,
    0.0679773,
    -0.256302416,
    -0.433213085,
    0.477107227,
    0.08448148,
    0.04848425
  ],
  [
    0.167503357,
    -0.07121228,
    -0.163230881,
    0.330766976,
    0.134384558,
    0.118940361,
    0.121900633,
    0.658437252,
    -0.238193184,
    0.246351555,
    0.0264745615,
    0.130105048,
    0.342035532,
    -0.226427838,
    0.3266291,
    0.107310139,
    0.2738743,
    -0.30492574,
    0.423085,
    -0.06449033,
    -0.222738564,
    0.3124606,
    -0.316056281,
    -0.002854724,
    0.497857064,
    -0.0731404647,
    0.239417851,
    -0.136385679,
    -0.237700462,
    0.249801874,
    -0.490487516,
    0.015821293,
    0.07462196,
    0.00241819955,
    0.1796715,
    0.09566565,
    0.238577977,
    0.31358695,
    -0.3226941,
    -0.171991691,
    -0.103186935,
    -0.0717022344,
    0.155416057,
    0.0447780341,
    0.208214954,
    0.0348073728,
    -0.241618142,
    0.0139453635,
    -0.181289673,
    0.04532358,
    0.03918302,
    0.240942687,
    0.0962345,
    -0.05319932,
    -0.0643727,
    0.354005516,
    0.165710211,
    0.188375935,
    -0.06835131,
    -0.2450682,
    -0.06493512,
    0.00364712765,
    0.547139466,
    0.215734109,
    -0.06105659,
    -0.1171804,
    -0.0710754842,
    -0.605646968,
    -0.125732,
    -0.200961769,
    0.158464119,
    -0.05792008,
    0.0195027348,
    0.267538667,
    -0.272970825,
    -0.4506254,
    0.266699672,
    0.126779526,
    0.118187129,
    -0.102750614
  ]
]