[
  0.03883774,
  -0.0309840534,
  -0.006458266,
  -0.116620541,
  0.00174641865,
  -0.0168561228,
  0.008625906,
  0.11584992,
  0.08374818,
  -0.0269584339,
  0.0837978348,
  -0.009117992,
  -0.0588844568,
  0.109885812,
  -0.0497110225,
  0.05867029,
  -0.1312297,
  0.05427289,
  -0.0532956459,
  -0.135839731,
  0.0175592527,
  -0.0117163863,
  0.202432334,
  0.0234735217,
  0.100665294,
  0.08132266,
  -0.131891951,
  0.02248391,
  -0.06311218,
  -0.04543271,
  0.0397764556,
  -0.0396275148,
  0.09273431,
  0.0360676125,
  -0.0397631,
  0.12604405,
  0.0483819433,
  -0.110869452,
  -0.0332783237,
  0.0960098654,
  0.0291978084,
  0.06344809,
  -0.0656471,
  0.0674364045,
  -0.141828239,
  0.00128435192,
  -0.007939651,
  -0.0521361381,
  -0.08494116,
  0.174956933,
  0.131827772,
  0.08924089,
  -0.0246656518,
  0.07017678,
  -0.06645509,
  -0.06515753,
  -0.0313812681,
  0.01846537,
  -0.0620042644,
  0.06394008,
  -0.0462927856,
  0.0292741116,
  0.07116005,
  0.0728364959,
  0.0512384139,
  0.149588391,
  0.110169269,
  -0.135763526,
  -0.0998978838,
  -0.0826651752,
  0.0243936032,
  0.0550051332,
  -0.009041037,
  0.0471165329,
  0.0380582027,
  0.05946979,
  -0.0247487091,
  -0.0739439353,
  0.0108427918,
  -0.07466416
]