[
  0.0796861053,
  -0.0383332819,
  -0.0776504055,
  0.09362469,
  0.08526481,
  -0.06858825,
  0.0722221062,
  -0.03107778,
  0.105981424,
  -0.09858123,
  -0.0479962938,
  0.0407112464,
  -0.0140946312,
  0.03937904,
  -0.04358382,
  0.0110218422,
  0.00602041977,
  0.112517625,
  0.06611236,
  -0.0181455128,
  -0.0216558035,
  -0.0109460382,
  0.03643103,
  -7.406129E-05,
  0.05261606,
  -0.09632116,
  0.0450985171,
  0.05390081,
  0.050655175,
  -0.0316961668,
  -0.08227779,
  0.04769261,
  0.05778419,
  -0.0033268712,
  -0.101758882,
  -0.09562207,
  0.0624474026,
  -0.08725343,
  0.09511125,
  0.0842042938,
  -0.06440335,
  0.086181514,
  0.02224418,
  0.11434532,
  -0.0162897054,
  -0.03431981,
  -0.06363488,
  0.00266398466,
  0.07573002,
  -0.06964588,
  0.0605948,
  0.0107788732,
  0.00577390427,
  -0.0510844737,
  -0.0109872231,
  -0.06263908,
  -0.08030396,
  -0.06846506,
  -0.0193784479,
  -0.06489004,
  0.08699781,
  -0.0329411365,
  -0.0173024926,
  0.0131103955,
  -0.0527744778,
  -0.110863909,
  -0.0294500478,
  0.0251056775,
  -0.09515839,
  -0.0616453327,
  0.08141524,
  -0.08009706,
  0.07449007,
  0.0438715853,
  -0.09510308,
  0.057490062,
  -0.0436597839,
  0.0258858986,
  -0.0577424765,
  0.0427504256,
  0.103498168,
  0.0545977168,
  -0.0135065848,
  0.0602331869,
  -0.09927751,
  -0.0830974057,
  0.0445726775,
  -0.0582233369,
  -0.037829265,
  -0.04419188,
  0.0563493557,
  -0.07255705,
  0.008007181,
  -0.07610611,
  0.0494600832,
  -0.0241573267,
  0.00169589918,
  -0.00195898535,
  0.00199253741,
  -0.00939431,
  -0.05662129,
  -0.0373161025,
  0.06120973,
  -0.009304416,
  0.09283618,
  0.00117849582,
  0.0127798719,
  0.025868386,
  0.06057737,
  -0.09195621,
  -0.02066276,
  0.06811989,
  -0.0803447738,
  -0.00346215325,
  0.12512216,
  0.12462116,
  -0.07946455,
  0.009738116,
  -0.04665521,
  -0.0428505242,
  0.0942997038,
  -0.0345493667,
  -0.09059687,
  -0.031919945,
  -0.0223020986,
  0.008968169,
  0.031542778,
  -0.053629905,
  0.0722693,
  0.07589934,
  -0.0163169615,
  -0.0422735624,
  -0.0843594,
  -0.00240945932,
  -0.03124555,
  0.0353033431,
  -0.0107709114,
  0.00543484977,
  -0.0332748741,
  0.0535269268,
  -0.06287246,
  0.06732277,
  0.0593417622,
  -0.0334192961,
  0.0493056066,
  -0.0196641982,
  0.0229544621,
  -0.0631267652,
  -0.0142688211,
  -0.09381874,
  -0.06785612,
  -0.00536350766,
  0.07628205,
  -0.0820751041,
  0.009784004,
  0.06430707,
  0.00206286,
  -0.0575816259,
  -0.0270167813,
  -0.0477634519,
  0.0483413078,
  0.0524343848,
  0.09864188,
  0.0257773735,
  0.02310799,
  0.006484487,
  -0.119878538,
  -0.0387790464,
  0.113826074,
  0.07341345,
  -0.09616912,
  -0.105534829,
  0.0387324765,
  -0.0311363786,
  -0.05185258,
  0.102712385,
  0.0142849814,
  -0.007671011,
  0.110468492,
  0.04129522,
  -0.07215399,
  -0.121202976,
  0.0638258457,
  0.01630164,
  -0.05333761,
  0.05248587,
  -0.08998615,
  -0.003718475,
  -0.0112019479,
  0.0637099743,
  0.005213472,
  -0.05670881,
  -0.03768588,
  -0.06181598,
  0.0163147263,
  -0.08362829,
  0.05282043,
  0.022390252,
  0.03566325,
  -0.0298710726
]