[
  [
    0.243039757,
    0.1893659,
    0.131465971,
    0.2151917,
    0.103933848,
    -0.104854979,
    0.201124847,
    0.08948597,
    -0.0843983,
    -0.275217623,
    0.268381417,
    -0.1679321,
    0.2521635,
    0.01325115,
    0.288025141,
    0.222626716,
    0.09594559,
    0.147168845,
    0.0960739,
    0.0985265151,
    0.219499543,
    0.0318437964,
    -0.263437,
    -0.2962329,
    -0.261677325,
    0.22614421,
    -0.160683483,
    -0.0731900856,
    -0.139384732,
    0.2719376,
    -0.186546192,
    -0.09753927
  ],
  [
    0.20859383,
    -0.1560718,
    0.27567637,
    0.221686944,
    0.15071547,
    0.17611292,
    -0.004679096,
    0.2555465,
    0.0393348821,
    0.06973018,
    -0.253235579,
    -0.188510731,
    -0.119998872,
    0.257106483,
    0.2101583,
    0.118289679,
    0.290536523,
    0.204448491,
    -0.248137891,
    0.148239434,
    -0.2997297,
    0.173250034,
    -0.0862441659,
    -0.2766552,
    0.288550615,
    0.284562945,
    0.141134873,
    -0.233672827,
    0.007264388,
    -0.154559165,
    0.07148799,
    -0.145226941
  ],
  [
    0.09274975,
    0.104406133,
    -0.0296260733,
    0.2520394,
    0.154221013,
    0.238647372,
    0.0219805613,
    0.187902838,
    0.17361103,
    0.2990782,
    0.111394972,
    0.18277581,
    -0.227181673,
    -0.0820695,
    0.2660278,
    -0.21204035,
    -0.0525577441,
    -0.118442975,
    -0.141756088,
    0.169741139,
    -0.247476771,
    -0.147619262,
    -0.266560882,
    -0.134438381,
    -0.203840524,
    -0.07228815,
    -0.183261171,
    0.121792212,
    -0.164698988,
    0.2508763,
    0.08514851,
    -0.07235259
  ],
  [
    -0.100319609,
    -0.113501988,
    0.188922435,
    -0.112939514,
    0.134260118,
    0.0618594326,
    -0.05830511,
    0.114886492,
    -0.19457373,
    -0.261141658,
    -0.2529343,
    -0.126967326,
    0.285941243,
    -0.0424803644,
    -0.147759885,
    -0.190559149,
    0.124939121,
    -0.220521569,
    0.174732044,
    0.108914033,
    -0.244675115,
    -0.08590949,
    0.0266878735,
    -0.0238930117,
    0.0404216424,
    -0.0402791649,
    -0.0510906838,
    0.07288417,
    -0.289295,
    0.00495554227,
    0.109322444,
    -0.0239957944
  ],
  [
    0.179553732,
    -0.276729733,
    -0.03407153,
    -0.0883231238,
    0.27776736,
    -0.0261317622,
    0.00368174328,
    0.0422535539,
    -0.110754833,
    -0.174653634,
    -0.0613096133,
    0.21984759,
    -0.09576887,
    -0.0564952269,
    0.0774126649,
    0.22462672,
    -0.224192187,
    0.014846242,
    0.217867911,
    -0.145982608,
    -0.2513385,
    -0.106723078,
    -0.0978660658,
    0.18566817,
    0.119498104,
    -0.00347503438,
    0.108555406,
    -0.270937234,
    -0.258092254,
    -0.125868618,
    0.05916449,
    0.0402327441
  ],
  [
    -0.137434453,
    -0.2681277,
    0.06230482,
    0.263485283,
    -0.0105897551,
    0.275193572,
    -0.07212714,
    0.07087044,
    -0.2427415,
    0.07601141,
    -0.24455975,
    0.216636732,
    -0.25734,
    0.131841987,
    -0.120437391,
    0.204802409,
    0.147663876,
    0.186600924,
    0.22424449,
    -0.07709418,
    -0.236364126,
    0.0350243933,
    0.136277288,
    0.233704522,
    0.181572184,
    0.1975819,
    -0.0114295371,
    -0.29342553,
    -0.110809691,
    -0.06382646,
    -0.1949579,
    -0.0289163236
  ],
  [
    0.0273479838,
    -0.04502939,
    0.161599874,
    -0.235642716,
    0.1246262,
    0.04330763,
    -0.227834344,
    -0.02258531,
    -0.019787157,
    0.211820856,
    0.1868964,
    0.0465763472,
    0.030406775,
    0.174990535,
    0.06681716,
    0.140790761,
    -0.102386914,
    0.195461586,
    0.0161282662,
    -0.154546365,
    0.0478804745,
    -0.203813836,
    0.0498590134,
    0.122868672,
    -0.291903883,
    0.0745766759,
    -0.250003844,
    0.05980729,
    0.0418062359,
    -0.20372279,
    -0.09457854,
    -0.2302539
  ],
  [
    0.206631958,
    0.246042624,
    -0.274217457,
    -0.243399888,
    -0.217510343,
    -0.01232282,
    0.233400539,
    0.17689462,
    -0.263709,
    -0.08362053,
    0.0398257636,
    -0.106874928,
    -0.2590979,
    -0.270243019,
    -0.09043506,
    0.215745822,
    -0.151759446,
    0.269698,
    -0.180956692,
    0.00425201654,
    -0.183722228,
    -0.259565681,
    0.270498276,
    0.250773817,
    0.20551981,
    -0.04013826,
    0.2482029,
    -0.2522243,
    0.1084115,
    0.123541944,
    0.235134259,
    -0.048641935
  ],
  [
    0.0531725064,
    -0.297835141,
    0.0105346087,
    -0.137707531,
    -0.272600353,
    0.0574486628,
    -0.199234486,
    -0.0066292407,
    0.162168577,
    -0.245388016,
    0.157189324,
    0.122496165,
    -0.0936092958,
    -0.129709691,
    0.154469714,
    -0.136365861,
    0.0260112416,
    0.0126002673,
    0.0199300647,
    0.164252624,
    0.0670079142,
    -0.0229033828,
    -0.0229729787,
    -0.0392570645,
    0.296873629,
    0.2031327,
    -0.169585839,
    0.2465827,
    0.169164419,
    -0.288088441,
    -0.0862609744,
    -0.261498362
  ],
  [
    -0.18548733,
    0.230256423,
    0.19328256,
    -0.172756642,
    0.133390233,
    -0.136240825,
    -0.269237936,
    0.2506159,
    0.0277003888,
    0.09724614,
    -0.100753196,
    0.06568827,
    -0.131063312,
    -0.08949858,
    -0.111966476,
    0.1382436,
    -0.0700136349,
    -0.103475533,
    -0.186484322,
    0.08177487,
    0.168105125,
    -0.15157555,
    0.233896151,
    0.09235157,
    -0.007688606,
    0.103243127,
    -0.2321763,
    -0.105150163,
    -0.181297436,
    0.1886319,
    0.253950268,
    0.08764976
  ]
]