[
  -0.06562865,
  0.0584814064,
  -0.0796004757,
  -0.06910386,
  -0.0752020553,
  -0.06658964,
  -0.028659625,
  -0.04621164,
  0.0813408643,
  -0.05591478,
  -0.0452335551,
  0.0295873284,
  -0.006968558,
  0.0521202572,
  -0.06198904,
  -0.0796190947,
  -0.00171247718,
  0.036580123,
  0.0760759339,
  -0.07187891,
  0.008945954,
  -0.0489409156,
  0.009294045,
  0.0893744752,
  -0.07786457,
  0.03977243,
  0.06945844,
  0.03125242,
  0.0665022358,
  0.024361575,
  -0.0424243174,
  0.08744695
]