[
  0.0435755365,
  -0.0492469743,
  -0.09776857,
  0.07895549,
  -0.0880147,
  0.03635458,
  -0.09230001,
  -0.0442144834,
  -0.0819036,
  -0.00797261,
  -0.03645007,
  -0.0323348455,
  -0.0871441141,
  -0.0455180369,
  0.09214711,
  0.06331413,
  -0.08032801,
  -0.0524068773,
  -0.0138181811,
  -0.0727864951,
  0.0625603,
  -1.38401983E-05,
  -0.0237761624,
  -0.07685971,
  0.08399206,
  -0.00785886,
  -0.02914483,
  -0.0931762457,
  -0.005330074,
  -0.05198693,
  0.0101043107,
  -0.0439180546,
  0.07100093,
  -0.0598468,
  -0.0574873164,
  0.0159045812,
  -0.0258967821,
  0.0131245973,
  -0.0302937925,
  -0.0325732641,
  0.0540326834,
  0.0457652919,
  -0.06867037,
  -0.0945652947,
  0.0644920841,
  0.00349143753,
  -0.05444407,
  -0.07109506,
  0.0466886424,
  0.044374,
  0.02120675,
  -0.0777088851,
  0.0403288268,
  0.05531924,
  0.0813272744,
  0.03399688,
  -0.05242717,
  0.00609904528,
  -0.0909677,
  -0.01081065,
  -0.08181717,
  -0.0453645177,
  -0.09623094,
  -0.051612325
]