[
  [
    -0.0675648153,
    0.23934947,
    -0.143527925,
    -0.150693357,
    0.07846302,
    -0.080165416,
    -0.185130775,
    0.222824484,
    0.122282378,
    0.102101296,
    0.184590414,
    0.158079177,
    -0.252410382,
    0.221659616,
    0.0188018922,
    -0.00558596849,
    -0.288486034,
    0.243758157,
    0.215116963,
    0.2016768,
    0.205130637,
    0.141604155,
    0.11071977,
    -0.06000599,
    0.0886641443,
    0.105142631,
    -0.236940622,
    0.04455117,
    -0.0299941432,
    -0.03369924,
    -0.0836903453,
    -0.084984526,
    0.201163828,
    -0.05880593,
    -0.183065549,
    -0.05963706,
    0.242936984,
    0.0444800034,
    -0.1833774,
    0.175963223,
    -0.281706065,
    0.0990519449,
    0.182755575,
    0.242252126,
    0.06408924,
    0.08075799,
    -0.106470451,
    0.034942925,
    0.2384833,
    0.0395347252,
    -0.107263453,
    0.09061865,
    -0.2545965,
    0.298213243,
    0.2565666,
    -0.2953719,
    -0.247688636,
    -0.225539953,
    -0.108514227,
    0.2263841,
    -0.135632649,
    -0.253162,
    0.1975324,
    -0.0237609036
  ],
  [
    -0.165743262,
    0.217003167,
    0.127810374,
    -0.10256201,
    -0.008674372,
    -0.0592228547,
    -0.122603975,
    0.173276,
    0.2921045,
    0.172931314,
    -0.1671388,
    0.0493846573,
    0.273281127,
    0.174509525,
    0.0290381331,
    0.2686015,
    -0.195606917,
    0.255477548,
    0.258207053,
    0.190392,
    0.07691814,
    0.2544664,
    -0.0196053386,
    0.120844141,
    0.195440635,
    -0.2163434,
    -0.157088026,
    -0.0662812144,
    -0.0198624022,
    -0.274447352,
    0.106725208,
    -0.175638691,
    -0.175585687,
    -0.0102474336,
    0.0304887425,
    -0.199570581,
    -0.225848079,
    0.156672269,
    -0.08635438,
    -0.0548401959,
    0.13568677,
    -0.221985847,
    -0.257136583,
    0.100194849,
    -0.02097248,
    -0.28388837,
    0.0311513562,
    0.204298928,
    -0.0472917445,
    0.09004137,
    0.151472151,
    -0.217635363,
    0.295130253,
    -0.0300181042,
    -0.142693654,
    0.17415148,
    -0.263137162,
    0.0859520361,
    -0.186705559,
    -0.0340070128,
    -0.151276216,
    -0.06764199,
    0.297487974,
    0.0473193564
  ],
  [
    -0.277001232,
    -0.294546753,
    -0.201301724,
    0.0210102443,
    0.108217232,
    -0.08680378,
    0.006667221,
    0.2414805,
    0.2518982,
    -0.271928161,
    0.0554714836,
    0.06303431,
    0.122873038,
    -0.03756019,
    0.0448944941,
    0.218883649,
    0.009069765,
    -0.0142165311,
    -0.107507788,
    0.06320504,
    0.03993334,
    -0.0688513443,
    -0.253992617,
    -0.109976418,
    0.17236805,
    -0.0016473413,
    0.2559507,
    0.210881785,
    -0.1810556,
    0.171813518,
    -0.004429901,
    0.172437221,
    0.0111790542,
    0.00662781,
    0.2330779,
    -0.08098975,
    0.2842656,
    -0.05911378,
    -0.0603058971,
    0.203833729,
    -0.191884235,
    -0.140606672,
    -0.13613376,
    0.273495644,
    0.282772,
    0.231778413,
    0.270721734,
    0.08292943,
    -0.267284065,
    -0.169004619,
    0.08845836,
    0.182172775,
    0.0807841,
    -0.09607178,
    -0.293532968,
    0.0130252726,
    0.126542091,
    0.0481089242,
    -0.113775216,
    0.198217615,
    -0.126549691,
    -0.144796431,
    -0.245965436,
    -0.0824437961
  ],
  [
    -0.0192135219,
    0.205295429,
    0.0354951024,
    0.13732636,
    0.0175863877,
    -0.2771664,
    -0.2319982,
    -0.0205543414,
    -0.1048936,
    0.0610278025,
    0.1451426,
    -0.2835409,
    -0.158936888,
    -0.267183781,
    -0.209278539,
    -0.157688051,
    -0.273755282,
    -0.289684027,
    -0.180707633,
    0.05534381,
    0.0611288,
    -0.14246434,
    0.135106564,
    -0.109414019,
    -0.289777875,
    0.1253268,
    -0.08279656,
    -0.192814067,
    0.08522762,
    -0.0319486521,
    0.191159323,
    0.06640209,
    -0.1256579,
    -0.123402126,
    0.23671554,
    -0.2634769,
    0.09818978,
    -0.09214674,
    -0.120931491,
    -0.04196438,
    0.112334318,
    -0.164901838,
    -0.108037509,
    -0.026657261,
    -0.008057606,
    0.102054305,
    -0.107034788,
    -0.250461668,
    0.109358639,
    0.04102775,
    0.275616944,
    -0.044797793,
    -0.0127976779,
    -0.198724,
    -0.0723489448,
    -0.183902681,
    -0.006477678,
    0.168539077,
    0.07537755,
    -0.0310954228,
    -0.124938853,
    0.0620091334,
    -0.245333508,
    0.25557977
  ],
  [
    0.172526062,
    0.107906379,
    -0.121026196,
    -0.0251005776,
    0.155712754,
    -0.0220295563,
    0.2527404,
    0.282347083,
    -0.0999318,
    -0.25760588,
    -0.0200331341,
    0.133322641,
    0.2892701,
    -0.0531413928,
    0.147811219,
    0.221114025,
    -0.06878024,
    -0.249730974,
    -0.219935775,
    0.0363137871,
    0.209273756,
    -0.0508052967,
    0.0141726146,
    0.206855118,
    0.184525833,
    -0.282147378,
    -0.181837231,
    0.281903684,
    0.166229591,
    -0.01805953,
    -0.174764141,
    0.035073746,
    0.01929828,
    0.10347072,
    0.0884937644,
    -0.00497936038,
    -0.0900973156,
    0.03286189,
    -0.0129573951,
    -0.0160335675,
    -0.0179175511,
    -0.236888051,
    0.07182473,
    0.291152716,
    -0.204646319,
    0.27927655,
    0.2634124,
    -0.162998691,
    -0.112695679,
    0.0278555285,
    0.06861495,
    -0.09582881,
    0.0510057844,
    0.00478195,
    0.25401035,
    0.0569962636,
    -0.2279754,
    0.269287348,
    0.04423052,
    -0.04781946,
    -0.007371605,
    -0.2015424,
    -0.134447545,
    0.173473343
  ],
  [
    -0.0673503056,
    -0.224066883,
    0.07960407,
    0.029146852,
    0.199503854,
    0.272434115,
    0.0509781,
    -0.0592079051,
    0.08609888,
    -0.03746728,
    -0.102828369,
    0.291761845,
    -0.04479722,
    0.136116,
    0.164775476,
    0.06386951,
    0.270678669,
    0.1796729,
    0.118444458,
    -0.09990591,
    -0.07138335,
    -0.20358023,
    -0.161150753,
    -0.166028082,
    -0.220462054,
    0.143058628,
    0.085928075,
    0.14938435,
    -0.0435275,
    -0.07950016,
    -0.0527364165,
    -0.07797695,
    -0.201758116,
    0.285205871,
    -0.21021989,
    -0.171356022,
    -0.2285727,
    0.06832248,
    0.0117615582,
    0.281793237,
    -0.05456232,
    -0.07495941,
    0.255085826,
    -0.08586872,
    0.07967996,
    -0.09664756,
    0.272215128,
    0.07066609,
    0.04886395,
    0.0007517696,
    0.252426267,
    -0.0354426056,
    -0.242304608,
    0.164508179,
    0.05540582,
    -0.1880436,
    -0.06645152,
    0.07890276,
    -0.2930018,
    -0.193987653,
    0.0708741546,
    -0.299500763,
    0.143160477,
    -0.11764539
  ],
  [
    -0.2612284,
    -0.149966732,
    0.0940633938,
    -0.0536848456,
    0.0463066958,
    0.142203689,
    0.292776,
    0.1317699,
    0.0821269155,
    0.270034432,
    -0.194590181,
    0.2551703,
    0.2944537,
    -0.09496034,
    0.194131285,
    -0.229632065,
    -0.141122878,
    0.155683219,
    0.268785834,
    -0.2231648,
    0.0325180665,
    0.0351749547,
    -0.0545371436,
    -0.2865461,
    0.121119656,
    -0.0903367847,
    0.151954949,
    -0.0596298352,
    0.009936727,
    -0.06994919,
    0.268909931,
    -0.06636182,
    0.07984654,
    -0.0112683177,
    0.0551399626,
    -0.00452867756,
    -0.293539524,
    0.249627545,
    0.177154616,
    -0.28693372,
    0.00493329763,
    0.128252909,
    0.0476967953,
    -0.236855432,
    0.244580418,
    -0.1272879,
    0.0343531258,
    0.239974812,
    -0.256465524,
    0.1706792,
    0.125629276,
    -0.145234674,
    0.10103742,
    -0.105141647,
    0.171822608,
    0.003055966,
    0.04211351,
    0.223563269,
    -0.135052353,
    0.02752365,
    -0.0583060421,
    -0.2480386,
    -0.2827258,
    -0.07480656
  ],
  [
    0.0191917066,
    -0.206767917,
    0.0497337021,
    0.299298346,
    0.267867148,
    0.177995622,
    -0.0973233357,
    -0.125811756,
    0.2866062,
    -0.1403574,
    -0.298966318,
    0.06999189,
    0.2869209,
    0.0263443366,
    -0.192995161,
    0.219953015,
    -0.22666505,
    -0.119492471,
    -0.000565517,
    -0.113043368,
    -0.0778934062,
    0.176549375,
    0.248511538,
    -0.057198897,
    -0.246751145,
    -0.209662408,
    0.104752317,
    0.0802812,
    -0.0572116263,
    0.2565894,
    -0.126130909,
    0.124348827,
    -0.2930528,
    0.28711167,
    0.118707672,
    0.112151213,
    -0.2387224,
    0.23789221,
    -0.08911592,
    -0.177299365,
    0.08515073,
    -0.235577062,
    -0.252158344,
    -0.246954918,
    0.192767084,
    -0.125992641,
    0.0250543,
    0.287299156,
    -0.08449901,
    0.184344292,
    -0.0304985419,
    -0.01929828,
    -0.0602958836,
    0.185802922,
    -0.09882508,
    -0.00542360544,
    -0.2994723,
    0.163246691,
    0.215621218,
    -0.29610014,
    0.188366547,
    -0.194287136,
    -0.2595347,
    -0.118590891
  ],
  [
    -0.0266638417,
    0.240950286,
    0.263231784,
    -0.179385766,
    0.297028422,
    -0.21928446,
    -0.155166566,
    0.2631389,
    0.118468992,
    0.206615284,
    -0.227398962,
    -0.132828981,
    -0.08023501,
    0.19463411,
    0.290049434,
    0.0426660441,
    -0.00212684879,
    -0.0105480552,
    0.131875455,
    -0.137271076,
    0.119939558,
    0.108322874,
    0.0100661879,
    -0.2069227,
    0.23096095,
    0.04332229,
    0.178635627,
    -0.100542195,
    0.223852023,
    -0.135395318,
    0.04566547,
    -0.0302688014,
    0.1349253,
    -0.150211558,
    -0.0587295443,
    0.170413613,
    0.216837436,
    0.09611303,
    0.0526922122,
    -0.217618912,
    0.0235323086,
    0.160514981,
    -0.0998175,
    0.229300126,
    0.00464812526,
    0.0692578256,
    0.252894551,
    0.180750489,
    -0.144824833,
    0.124259271,
    0.14919889,
    -0.2658605,
    0.167006075,
    0.161093473,
    -0.191847175,
    0.118549176,
    -0.295123756,
    0.251253039,
    -0.07886058,
    -0.276083916,
    -0.261588067,
    -0.0677743852,
    0.267929673,
    0.09108078
  ],
  [
    0.2983773,
    -0.229462624,
    0.05639352,
    -0.04934081,
    -0.03244826,
    0.0943833962,
    0.147501513,
    0.00363031635,
    -0.0852393,
    0.07267374,
    -0.08682817,
    0.0156885982,
    0.111593239,
    -0.221841142,
    0.246387511,
    -0.2755919,
    0.0657914057,
    0.158983052,
    0.257201552,
    0.008387983,
    0.203511432,
    0.105613485,
    -0.265543431,
    0.181709945,
    0.112329021,
    0.0784935653,
    -0.09378761,
    -0.161662951,
    -0.06907822,
    -0.236298531,
    -0.02003993,
    -0.0663616061,
    -0.0165532716,
    0.1397211,
    -0.06126441,
    0.267403364,
    0.244679987,
    -0.279634446,
    0.292279333,
    0.27770564,
    0.134512827,
    -0.262869567,
    0.132469058,
    -0.100235142,
    0.15418382,
    0.275693059,
    0.1304619,
    -0.008821643,
    -0.260770947,
    -0.216034412,
    0.20574303,
    -0.0848130062,
    -0.186588973,
    -0.1470349,
    0.130918741,
    -0.0127590541,
    0.004214895,
    -0.128841147,
    -0.0582973845,
    -0.09979755,
    0.00321997423,
    -0.246186525,
    0.08056709,
    0.198485762
  ],
  [
    -0.122639023,
    -0.202144787,
    0.02946464,
    -0.0352607854,
    0.2674689,
    0.09134056,
    0.234006226,
    0.289299071,
    0.0273159388,
    -0.13681604,
    0.167606309,
    0.04042393,
    -0.29511416,
    0.1420813,
    -0.09972702,
    -0.0540402569,
    -0.194313884,
    0.0292770285,
    0.217670143,
    -0.240945414,
    -0.0503935963,
    -0.286171824,
    -0.170859486,
    0.0751981661,
    -0.106098093,
    -0.0351434126,
    -0.230904371,
    -0.219497532,
    -0.0553146973,
    0.206339985,
    -0.219772771,
    -0.158024162,
    -0.290843457,
    0.13812615,
    0.0344040543,
    0.262016863,
    0.2655422,
    0.02131144,
    0.1148013,
    -0.252134234,
    -0.1547299,
    0.170699865,
    -0.0198975932,
    0.2259395,
    -0.2562451,
    -0.290738523,
    -0.187068045,
    0.244882539,
    -0.196320534,
    0.172768533,
    -0.174380332,
    -0.0110563161,
    -0.06536662,
    0.06458756,
    0.118951075,
    -0.104723014,
    -0.217642814,
    -0.140566126,
    0.237501815,
    0.29848367,
    -0.0268795621,
    -0.282405943,
    -0.09721655,
    -0.0371188074
  ],
  [
    0.195874512,
    -0.141627923,
    0.107104369,
    -0.0438068062,
    -0.0184000619,
    0.0533529669,
    -0.179647982,
    -0.222497821,
    0.0528621562,
    0.09910316,
    -0.105715431,
    -0.0510711558,
    -0.1408299,
    -0.192222625,
    -0.2529652,
    0.1634134,
    -0.144069448,
    0.2809391,
    0.07007972,
    0.299066246,
    -0.0809664354,
    -0.09621211,
    -0.09591421,
    0.106754392,
    -0.114185058,
    0.182463884,
    0.2577701,
    0.173421562,
    -0.09283689,
    0.231867254,
    0.0159993768,
    -0.2155014,
    0.0489542149,
    0.07274162,
    -0.0405264981,
    -0.140839711,
    0.206867352,
    0.21849741,
    0.107859388,
    -0.261173129,
    0.0784917,
    -0.16736117,
    -0.239144966,
    -0.06409082,
    -0.167031661,
    0.253133178,
    0.1470328,
    -0.236791283,
    0.2744144,
    0.2293597,
    -0.2455536,
    0.0109033231,
    0.241946131,
    0.007833731,
    -0.279510081,
    -0.1973309,
    0.101545043,
    -0.06742312,
    -0.0229737647,
    -0.1237363,
    0.09383487,
    -0.03418626,
    0.116311781,
    0.2713461
  ],
  [
    0.0065053585,
    0.2228923,
    -0.1176612,
    0.0336915851,
    -0.11841844,
    -0.2031151,
    0.12359909,
    0.0102334144,
    0.203881368,
    0.176397592,
    -0.1353926,
    0.18301177,
    -0.0965154544,
    -0.12947014,
    0.106302992,
    -0.262117356,
    -0.01979431,
    0.106487669,
    -0.275147647,
    0.116272517,
    0.185930312,
    -0.204806685,
    -0.199963689,
    0.06371631,
    0.0008866668,
    -0.1616626,
    0.2060129,
    0.260392368,
    -0.23185572,
    0.1644755,
    -0.213388965,
    -0.240050986,
    -0.0621784367,
    -0.163919508,
    -0.08052462,
    0.2667392,
    -0.08271488,
    -0.236629561,
    0.14371638,
    0.0684908554,
    0.08189467,
    -0.296666145,
    -0.203014821,
    0.185620531,
    -0.07162825,
    -0.04594921,
    -0.009782517,
    0.04974364,
    -0.1757939,
    -0.17296192,
    -0.241802424,
    -0.123635516,
    0.177808508,
    -0.02853452,
    -0.05994226,
    0.2518703,
    0.1288982,
    0.271859,
    -0.09346188,
    0.296761632,
    0.215286627,
    -0.16876708,
    0.03213741,
    -0.09606191
  ],
  [
    -0.230842561,
    0.2648879,
    -0.0454293638,
    0.2705847,
    0.2518075,
    3.5440924E-05,
    0.007568157,
    -0.008591331,
    -0.129090488,
    -0.038447395,
    -0.239379853,
    0.0154286744,
    -0.2149154,
    0.132245466,
    0.259921372,
    0.188930809,
    -0.199988872,
    0.04451984,
    -0.163069636,
    0.07445637,
    -0.229558617,
    -0.204946235,
    -0.257264256,
    -0.03361663,
    -0.156005919,
    0.081971705,
    -0.23170045,
    0.06526977,
    -0.199151233,
    0.021920694,
    0.268272042,
    -0.0576970726,
    0.162621558,
    0.276428461,
    -0.149323434,
    0.121448107,
    -0.0853958,
    0.271684527,
    -0.0289804116,
    0.158387452,
    0.259907126,
    -0.219982415,
    0.108810179,
    -0.188576028,
    0.06747841,
    0.238175377,
    0.222273529,
    0.145185232,
    0.0314102061,
    0.2230455,
    0.201746762,
    0.06328179,
    -0.16089426,
    -0.0215348843,
    0.246986613,
    0.04375674,
    0.00109809637,
    0.213748172,
    -0.0149528151,
    0.170619547,
    0.225102365,
    -0.181558937,
    -0.03391496,
    0.239844933
  ],
  [
    -0.22448802,
    0.2191073,
    0.07723164,
    -0.14503397,
    0.198878869,
    0.13187325,
    -0.277310163,
    0.1695536,
    -0.287625223,
    -0.06523994,
    0.240097478,
    -0.2473948,
    -0.263672739,
    0.2437877,
    0.148287222,
    -0.242243677,
    -0.153767526,
    0.169605017,
    0.255208045,
    -0.04659616,
    -0.192869574,
    0.217401564,
    -0.0566657446,
    -0.279254735,
    -0.201915979,
    -0.230791,
    0.0120957978,
    0.07856452,
    -0.277584523,
    -0.152723685,
    -0.118889794,
    0.14716512,
    -0.1353841,
    -0.2500175,
    0.04659094,
    -0.07234801,
    -0.0392889641,
    -0.277437627,
    0.1363044,
    -0.0183311831,
    0.0174987689,
    -0.2116803,
    0.1827605,
    -0.0257224925,
    -0.04734167,
    0.08618013,
    -0.0220634583,
    0.0551664978,
    0.242396742,
    0.291226327,
    0.26856488,
    -0.112685956,
    -0.08580628,
    -0.0194522031,
    -0.100782238,
    0.09537581,
    -0.171254247,
    0.13331455,
    -0.277656138,
    -0.160516828,
    -0.143366128,
    0.207961544,
    -0.199205667,
    -0.180955112
  ],
  [
    -0.208115309,
    -0.245022878,
    0.0487100966,
    -0.107444629,
    -0.06668919,
    0.275936663,
    0.297843,
    -0.05284149,
    0.248235881,
    0.251428366,
    -0.250709146,
    -0.124456987,
    0.152983621,
    -0.268148243,
    -0.0619368926,
    -0.202127129,
    0.07116076,
    -0.28373158,
    0.213379964,
    0.0102337,
    -0.00167824037,
    0.05562333,
    0.120005146,
    0.258971363,
    0.1397515,
    0.112952866,
    -0.112298571,
    -0.0871368051,
    -0.175049037,
    0.159347966,
    -0.2200686,
    0.106651679,
    -0.268825024,
    0.1240678,
    0.220498338,
    0.219622642,
    0.2711137,
    -0.190686464,
    0.0319438577,
    0.04054066,
    -0.08488403,
    0.171065,
    -0.203370243,
    -0.151376352,
    0.177056849,
    -0.181435913,
    -0.0323313847,
    0.24446018,
    0.2127722,
    0.239406615,
    -0.174506932,
    0.03499757,
    -0.225986838,
    0.0183210261,
    -0.2209872,
    0.276364535,
    0.242401466,
    0.200629666,
    0.008801973,
    -0.0461941846,
    0.07070958,
    -0.149217352,
    -0.062195316,
    0.159355834
  ],
  [
    0.160728768,
    0.1570078,
    0.0470145121,
    -0.0394874476,
    -0.0842522457,
    0.284826368,
    -0.101414807,
    -0.06442699,
    0.1752258,
    -0.151155412,
    0.105087556,
    -0.206292346,
    0.2353537,
    -0.09922298,
    -0.148511544,
    -0.2445875,
    -0.299030334,
    0.111105718,
    0.267225,
    0.212320954,
    0.0514762066,
    0.200873151,
    -0.169051751,
    -0.15950945,
    -0.263228923,
    0.137993619,
    0.04625956,
    0.1766312,
    -0.240406677,
    0.05278105,
    -0.00164219143,
    0.228797451,
    0.2575817,
    -0.07493445,
    0.0619368926,
    -0.204303861,
    -0.127462283,
    0.2800873,
    0.190440208,
    0.1348804,
    -0.130255714,
    0.28827548,
    0.008177054,
    -0.08141375,
    0.09576527,
    0.091032356,
    0.112261645,
    -0.0157320872,
    0.196934521,
    -0.111092575,
    -0.07404603,
    0.152855515,
    -0.15696758,
    -0.28606683,
    0.127141967,
    0.1624838,
    -0.1667414,
    -0.2095258,
    0.26852262,
    0.08657688,
    -0.10354463,
    0.201779738,
    0.228191271,
    -0.169744626
  ],
  [
    0.155317292,
    -0.1861131,
    -0.200413942,
    -0.171027362,
    0.05362741,
    -0.168574244,
    0.143020153,
    -0.168334141,
    -0.07480027,
    -0.109600767,
    -0.155994475,
    -0.179797262,
    0.0823228955,
    -0.108241715,
    -0.157228857,
    0.114984408,
    0.163386166,
    0.235257134,
    0.158248544,
    0.212623224,
    0.2661014,
    0.149765223,
    0.011961258,
    -0.08804532,
    -0.219116449,
    0.129182518,
    0.263876677,
    0.293088078,
    0.229058087,
    -0.167237654,
    0.172602013,
    0.105610624,
    0.09933354,
    0.195263684,
    -0.0423318036,
    -0.15522936,
    -0.234703735,
    0.048804298,
    0.291128755,
    -0.0626799,
    0.111619063,
    0.160868883,
    -0.204472736,
    0.07907163,
    -0.0223214515,
    -0.2285448,
    -0.08999346,
    0.172560245,
    0.0664373562,
    -0.008705342,
    0.109705396,
    -0.04955088,
    -0.009168756,
    -0.228816465,
    -0.08329438,
    -0.080064,
    0.210964262,
    -0.172175989,
    -0.08582316,
    0.0246087685,
    -0.269778222,
    -0.1094952,
    0.1872493,
    0.158639371
  ],
  [
    -0.150820032,
    -0.2122736,
    -0.03450741,
    -0.04079765,
    0.07608701,
    -0.257969856,
    0.2812556,
    0.00524872541,
    0.020085562,
    0.0598027855,
    0.268898129,
    -0.0218298566,
    0.203944311,
    -0.1725515,
    0.0127085568,
    0.197397858,
    0.193950608,
    -0.146138817,
    -0.279218465,
    -0.0537922047,
    -0.289440751,
    0.252284527,
    -0.0524159819,
    -0.0277912989,
    0.137052983,
    -0.125267446,
    -0.0108589772,
    0.05751461,
    0.248927817,
    -0.03490416,
    0.0738951862,
    0.0184436925,
    0.006564439,
    -0.266712576,
    0.0109636188,
    0.176891983,
    -0.0225509051,
    0.281018138,
    -0.0269051678,
    -0.08358441,
    0.138213411,
    0.270855278,
    -0.101901829,
    -0.190143153,
    -0.05675272,
    0.240900144,
    0.10076198,
    -0.2703357,
    -0.187956184,
    -0.00464948453,
    0.069613874,
    -0.172289938,
    0.0575167574,
    -0.124575935,
    -0.00758546637,
    -0.188264608,
    0.253595948,
    -0.01969675,
    0.003958404,
    -0.127160013,
    0.109175242,
    -0.133272663,
    -0.1515453,
    -0.157932386
  ],
  [
    -0.008941377,
    -0.144544512,
    0.0269904975,
    0.09468166,
    0.08609294,
    -0.168570891,
    0.013202155,
    0.2986611,
    -0.244810879,
    0.0156258,
    0.21967186,
    0.0970465839,
    0.2543019,
    0.121716969,
    -0.20979695,
    -0.249939188,
    -0.160709292,
    -0.113489114,
    -0.275254816,
    -0.286265731,
    -0.150290877,
    0.01895746,
    -0.158514962,
    0.110793583,
    -0.139839858,
    -0.0278782025,
    0.150455192,
    0.17605792,
    -0.212025553,
    -0.268283784,
    -0.2711682,
    0.1004281,
    -0.198486611,
    -0.143932119,
    -0.1427837,
    0.262008339,
    0.0516918562,
    -0.2076524,
    0.243918449,
    0.194551066,
    -0.11033491,
    0.25107953,
    -0.04607531,
    -0.267276853,
    0.2437151,
    0.08830666,
    -0.2391411,
    -0.07181565,
    -0.196880788,
    -0.248185515,
    0.18551825,
    -0.273145527,
    0.134936541,
    -0.268592268,
    -0.180980355,
    -0.286411077,
    -0.12872836,
    0.170667529,
    -0.1811915,
    0.265299946,
    0.00160220871,
    0.205138281,
    -0.215878919,
    0.100880355
  ],
  [
    -0.233168289,
    0.0125786671,
    -0.112041511,
    0.11745204,
    0.02342087,
    0.0298570283,
    0.07725767,
    0.287365377,
    -0.048558034,
    0.0816698,
    0.048852507,
    -0.115425028,
    0.292721361,
    0.2308581,
    -0.219201356,
    0.105360359,
    0.135976449,
    0.242587432,
    0.08905253,
    0.118177451,
    -0.1219453,
    -0.05270888,
    -0.116426952,
    -0.112797894,
    0.134097472,
    -0.0596491471,
    -0.0854391456,
    0.214445978,
    -0.2103482,
    0.00960785151,
    -0.218940929,
    0.03851327,
    -0.185458928,
    -0.126737013,
    -0.06262332,
    -0.209374741,
    0.16641748,
    -0.1843736,
    -0.022220958,
    0.079130426,
    0.22930342,
    0.07253605,
    -0.278466523,
    -0.0531315953,
    -0.0408005863,
    -0.19538112,
    0.0525656119,
    0.117234819,
    0.242685422,
    -0.27830416,
    0.179162771,
    0.0834891945,
    0.152638152,
    0.120438591,
    0.0530263819,
    -0.214325875,
    0.15329212,
    0.0969900042,
    -0.115858473,
    0.270557582,
    0.270153463,
    -0.199930072,
    -0.218726352,
    0.0174218062
  ],
  [
    -0.06740059,
    -0.152425632,
    -0.220243484,
    -0.118008673,
    0.0757876039,
    0.0807619244,
    -0.182382688,
    -0.1300342,
    -0.119956814,
    0.160234034,
    -0.2678556,
    -0.154421479,
    0.04958371,
    -0.258048832,
    0.17087017,
    0.120139256,
    0.0141118886,
    0.11334011,
    0.28097713,
    0.0502088442,
    0.1870637,
    0.2715732,
    0.172227144,
    -0.168816581,
    -0.105908975,
    0.157217011,
    -0.133550823,
    0.210355431,
    0.0568532832,
    0.00332032447,
    -0.202167392,
    0.08173088,
    -0.287883,
    -0.108387552,
    0.065607585,
    0.168309629,
    0.05310141,
    0.226512566,
    0.283023268,
    0.198132575,
    -0.250102133,
    -0.101865135,
    0.0581820868,
    0.171511248,
    -0.08565715,
    -0.25495,
    -0.239981964,
    0.278339982,
    -0.157198459,
    0.277242064,
    -0.03341335,
    0.237975031,
    0.0607301854,
    -0.08468877,
    0.150048137,
    0.09029585,
    -0.03659016,
    0.1308824,
    0.248965517,
    -0.1862186,
    0.07673217,
    -0.228200629,
    0.203575879,
    0.177005768
  ],
  [
    0.171525344,
    -0.218689442,
    0.145777389,
    -0.0383006223,
    0.276769578,
    0.172220856,
    0.244547948,
    -0.172086015,
    -0.0630001947,
    -0.279790372,
    -0.214180261,
    0.263520539,
    0.0451705828,
    0.008090079,
    0.1295124,
    -0.236426562,
    -0.0485380776,
    0.213608056,
    0.02877263,
    0.217847809,
    -0.226682276,
    -0.266644478,
    -0.199140579,
    0.18002665,
    0.215481028,
    -0.242028087,
    0.20048812,
    -0.10018371,
    0.1851195,
    0.281439275,
    -0.00662630843,
    -0.260154545,
    -0.194398433,
    -0.215271086,
    -0.147976309,
    -0.0106022721,
    0.159808815,
    -0.189061329,
    -0.2173615,
    0.1596066,
    -0.176611081,
    -0.07528008,
    -0.140528142,
    -0.280510783,
    0.07088839,
    0.281098872,
    -0.191394567,
    -0.123327024,
    0.265148461,
    0.217379823,
    0.233735144,
    0.165730551,
    -0.09274298,
    0.18924588,
    -0.246534571,
    0.207645044,
    0.159554958,
    -0.215214729,
    -0.116533458,
    0.0660043359,
    0.155776769,
    -0.143871814,
    0.08454219,
    0.137582064
  ],
  [
    0.08351809,
    0.177468836,
    0.0352475531,
    -0.102194943,
    0.02444147,
    0.2705179,
    -0.2896381,
    0.0229367856,
    -0.287817985,
    -0.0117907412,
    -0.005717075,
    -0.01207856,
    -0.218567133,
    -0.00496977568,
    0.2957492,
    -0.157389864,
    0.0673728362,
    0.00346645131,
    0.2800272,
    0.0466792,
    -0.254314333,
    -0.200865552,
    -0.207832724,
    -0.0291977767,
    0.2550429,
    -0.002640903,
    -0.09111019,
    0.188069567,
    0.06866759,
    -0.008348358,
    0.233558327,
    0.232589662,
    -0.0068941717,
    0.0248847846,
    -0.0408510827,
    -0.00377923273,
    0.2661569,
    0.135532141,
    -0.0108624818,
    0.104915969,
    -0.04325949,
    -0.0287756342,
    0.246688142,
    -0.0919912457,
    -0.2174989,
    -0.231115147,
    0.08321146,
    -0.208659336,
    0.219814837,
    0.213753253,
    0.230741516,
    -0.0517399944,
    -0.277445644,
    0.118497461,
    -0.06725925,
    0.2680883,
    -0.0529795326,
    0.245368779,
    0.0333681479,
    -0.2516985,
    0.05922829,
    -0.0004948497,
    0.164477423,
    -0.0352545641
  ],
  [
    -0.114538252,
    0.06607744,
    0.267343163,
    -0.123523436,
    0.285554916,
    0.29699257,
    -0.0791828,
    -0.0870928839,
    -0.0708591342,
    -0.0112603791,
    -0.251273066,
    -0.128981262,
    -0.229552746,
    -0.04135233,
    -0.137029618,
    0.004496062,
    -0.010593188,
    -0.139590591,
    0.298535019,
    0.03249468,
    0.18690449,
    0.0463431031,
    -0.04115292,
    0.1747545,
    0.179638982,
    -0.180542335,
    0.0171684623,
    0.0133417733,
    0.213841453,
    -0.07544044,
    0.123566337,
    0.2556329,
    0.162633851,
    0.191042021,
    -0.164907128,
    -0.09217857,
    0.21029149,
    0.203737751,
    0.233384028,
    0.293466151,
    0.0911594555,
    0.239090756,
    0.213170111,
    -0.161603585,
    0.0283120051,
    0.127272427,
    0.037706174,
    -0.2675807,
    -0.0734714,
    0.260758728,
    0.18392387,
    -0.144256771,
    -0.250513762,
    0.222531229,
    0.2922778,
    -0.122597322,
    -0.06662211,
    0.0343167931,
    -0.14424032,
    0.158868611,
    0.257876754,
    -0.0809805244,
    -0.0890267938,
    -0.004257381
  ],
  [
    0.242184535,
    0.248622119,
    -0.204219252,
    -0.0521004833,
    0.08391742,
    -0.112933286,
    0.268048465,
    -0.0210806262,
    0.122446455,
    0.09701504,
    0.249046475,
    -0.165257245,
    0.209356084,
    0.186701134,
    0.269568682,
    0.19618693,
    0.158371866,
    -0.169956192,
    0.1433438,
    -0.0742566,
    -0.124671921,
    -0.1582951,
    -0.0396813527,
    -0.0444361567,
    0.05585064,
    0.20306927,
    0.20093444,
    0.266157836,
    0.181612521,
    0.261407822,
    0.1692416,
    -0.09570635,
    0.00251809368,
    -0.2611662,
    -0.08797451,
    0.0651446,
    -0.2751344,
    0.09415616,
    -0.295069039,
    -0.126096576,
    -0.25406307,
    -0.00311876554,
    -0.242215782,
    0.139442861,
    -0.0880192146,
    0.03516015,
    0.21126081,
    0.0166927464,
    -0.0276123416,
    0.0136561282,
    0.225652963,
    0.1532791,
    0.244507968,
    0.228486881,
    0.08063912,
    0.07386743,
    0.0161557328,
    0.148673818,
    0.06579112,
    0.141608372,
    -0.189264387,
    -0.20021303,
    -0.1460316,
    -0.0786896348
  ],
  [
    0.201255739,
    0.06582767,
    -0.221044272,
    -0.08464807,
    -0.124312438,
    0.06994318,
    0.10840334,
    -0.134651676,
    0.149243951,
    0.1524343,
    -0.160006061,
    0.100050941,
    -0.227952868,
    -0.0864040256,
    0.281211823,
    0.111703172,
    0.2442527,
    0.275069982,
    0.07518994,
    0.0134858973,
    0.0598041452,
    -0.0228629,
    -0.0894599557,
    -0.23270674,
    0.178687334,
    0.08827511,
    0.2348829,
    -0.24612315,
    0.008622516,
    -0.0018759371,
    0.0154183749,
    -0.239181012,
    0.00693622837,
    0.227279887,
    -0.202407509,
    0.196180284,
    -0.202386618,
    -0.146587223,
    0.04082891,
    0.103935279,
    0.225352988,
    -0.12273673,
    0.112010516,
    -0.129179612,
    -0.162951052,
    0.172278285,
    0.0374620557,
    0.218811542,
    -0.248790264,
    0.165242255,
    -0.27683422,
    -0.176285848,
    0.0516004451,
    0.07866773,
    0.09817576,
    -0.221623778,
    -0.2815063,
    0.282752037,
    0.153766111,
    -0.104854047,
    0.235635936,
    0.03176991,
    -0.0614925772,
    -0.002846539
  ],
  [
    0.195752338,
    0.06297945,
    -0.2541456,
    0.174399957,
    -0.227811381,
    -0.194264889,
    -0.22957328,
    0.00268474827,
    -0.0424696356,
    0.2691848,
    0.2468548,
    0.155076966,
    0.2057665,
    -0.210710049,
    -0.152838126,
    -0.241154343,
    0.281445265,
    -0.198963121,
    0.207859188,
    -0.264091671,
    -0.204741091,
    -0.2929252,
    -0.0139709832,
    0.05619582,
    0.0772071,
    -0.150237456,
    0.09165863,
    -0.112474449,
    -0.127793223,
    -0.1754432,
    -0.09610747,
    -0.2954286,
    -0.03833853,
    -0.28135258,
    0.207732737,
    0.05243429,
    0.05577189,
    -0.14081338,
    -0.0607278235,
    -0.09166902,
    0.00232983846,
    -0.0814391449,
    0.04807345,
    -0.05312251,
    -0.0277438052,
    -0.0507053025,
    0.2819147,
    -0.008946097,
    1.60932552E-06,
    -0.0215686448,
    -0.162002623,
    0.07970635,
    0.0491440445,
    0.269955039,
    -0.189404577,
    -0.201564789,
    0.130560681,
    0.1814566,
    -0.0586311258,
    0.172884539,
    0.2387181,
    -0.0653748438,
    -0.05577511,
    -0.2767728
  ],
  [
    0.06808838,
    -0.13123633,
    0.0397427231,
    -0.198384762,
    0.293252647,
    -0.24443379,
    0.205764845,
    0.0625543,
    0.116439812,
    0.220376879,
    -0.0199885741,
    0.0613214858,
    0.2197767,
    -0.262160629,
    0.235065654,
    0.258214623,
    -0.00703543471,
    -0.06216878,
    -0.2274687,
    0.2392082,
    0.215907171,
    -0.218341827,
    0.225829631,
    0.134824246,
    -0.168452516,
    0.101740807,
    0.187213838,
    -0.234520763,
    0.206508428,
    -0.0824585259,
    0.0235680714,
    0.2694131,
    0.1833669,
    -0.104138359,
    -0.123151936,
    0.237620413,
    0.246566117,
    0.11447908,
    0.28418085,
    -0.231996626,
    -0.152484566,
    -0.0983759,
    -0.0814110339,
    0.06608273,
    0.106951445,
    -0.236578777,
    -0.206276178,
    0.00236088037,
    0.038766183,
    -0.218899935,
    0.08845679,
    0.227331668,
    0.203778937,
    0.04176797,
    -0.23063378,
    -0.1897778,
    -0.27404353,
    0.243143335,
    -0.0214212313,
    0.0618624352,
    0.114731707,
    0.0274361745,
    0.260532975,
    -0.185239419
  ],
  [
    0.210082427,
    0.154741868,
    -0.0510190874,
    -0.103940234,
    -0.2597796,
    -0.254292458,
    -0.215698883,
    0.214830577,
    0.011641467,
    -0.052361194,
    -0.2727228,
    -0.167951554,
    -0.07980564,
    0.134369984,
    0.0301647317,
    -0.246777758,
    0.134595215,
    -0.217036918,
    -0.0992943645,
    -0.195028633,
    -0.191195652,
    0.09247281,
    0.224859312,
    0.0357341431,
    -0.172136158,
    -0.273762435,
    0.046029605,
    0.038040556,
    0.06529838,
    0.01566614,
    0.05381538,
    -0.201975629,
    0.124205984,
    0.2201264,
    -0.0360647328,
    -0.122254074,
    0.008631313,
    -0.101495206,
    -0.02441286,
    -0.06702494,
    0.124461979,
    0.141637266,
    -0.258554518,
    -0.0580871,
    0.138250962,
    -0.128927127,
    -0.279589117,
    -0.0473569781,
    0.208261743,
    -0.160716087,
    0.286352277,
    -0.271461219,
    0.136095539,
    -0.2904867,
    -0.25096795,
    0.0143057229,
    -0.144758523,
    0.193419829,
    -0.03323976,
    0.09653611,
    -0.108959973,
    0.00280033355,
    0.142223,
    -0.233854443
  ],
  [
    0.235277444,
    0.0852387846,
    -0.0154560693,
    -0.241367266,
    0.07318794,
    -0.168896258,
    -0.07370056,
    0.268924356,
    -0.106768139,
    0.117647521,
    -0.145632,
    0.06559965,
    -0.0236574784,
    -0.191953689,
    0.069261685,
    0.229119807,
    0.282697678,
    0.2605741,
    -0.05256919,
    -0.242968589,
    -0.245724976,
    0.212516442,
    -0.197994024,
    0.00118435628,
    0.116125956,
    -0.116842948,
    0.031657543,
    0.0009357334,
    -0.160768732,
    0.0213886146,
    -0.297857821,
    -0.106457,
    -0.2815359,
    0.06785957,
    0.0109584695,
    -0.110898457,
    0.0312007088,
    0.08961257,
    0.168700576,
    0.237254992,
    -0.22252807,
    -0.229872465,
    0.283469528,
    -0.193435192,
    0.03305923,
    0.0820188448,
    -0.016346205,
    -0.26229465,
    -0.08922885,
    -0.245084241,
    -0.193392634,
    -0.129800528,
    0.243705526,
    -0.0214157235,
    0.250024021,
    0.2510849,
    0.0324805155,
    -0.16593574,
    -0.193669289,
    0.2550206,
    0.266478628,
    0.06822828,
    0.132497519,
    0.2873521
  ],
  [
    -0.125971824,
    0.14550215,
    -0.08972417,
    0.190246731,
    -0.0136357434,
    -0.202721789,
    -0.03461176,
    -0.2001706,
    -0.0321213156,
    0.1941039,
    0.008581102,
    0.08596262,
    0.190291,
    -0.104909047,
    -0.187188417,
    0.07743913,
    -0.09246517,
    0.0168418065,
    -0.03407904,
    0.009367812,
    0.215294778,
    0.214609772,
    0.0595572367,
    0.246956363,
    -0.136500686,
    -0.131486386,
    -0.113638029,
    -0.287528157,
    0.18057397,
    -0.0610348843,
    -0.031479802,
    0.08504788,
    0.10796918,
    -0.0609637871,
    -0.07466766,
    0.00581499375,
    -0.0570844561,
    -0.0286613349,
    -0.005272973,
    -0.0234861746,
    0.02563187,
    -0.09560851,
    0.0440863259,
    0.05820526,
    0.006080926,
    0.286909968,
    -0.291903883,
    0.218548611,
    -0.123304784,
    -0.02754761,
    0.05732328,
    0.2530874,
    0.028870333,
    -0.08093067,
    -0.2253135,
    0.0377738364,
    -0.2202781,
    0.220988646,
    -0.205599546,
    0.0500208773,
    -0.116434537,
    0.136796057,
    -0.0156648532,
    0.09827954
  ]
]