[
  [
    0.1688206,
    -0.0503120981,
    0.1342746,
    0.154883683,
    -0.576769233,
    0.29173702,
    -0.430626631,
    -0.04798191,
    0.207820967,
    -0.260918945,
    -0.009350844,
    0.192873463,
    0.09516929,
    -0.11433059,
    -0.08357696,
    -0.392586261,
    -0.0504937544,
    0.08661778,
    -0.228726253,
    0.0667478,
    -0.361869216,
    0.305568278,
    0.154202059,
    0.1917343,
    -0.00524001149,
    0.1320806,
    0.113669112,
    0.17932032,
    -0.083645165,
    0.286596656,
    0.09755345,
    -0.01887589,
    -0.19384554,
    -0.5324868,
    -0.245637253,
    0.08340302,
    0.593759954,
    0.008512302,
    0.03441088,
    -0.148033857,
    0.0138349431,
    0.09871535,
    0.218101352,
    0.147927135,
    -0.0894626155,
    -0.381178916,
    -0.161104858,
    -0.340548068,
    -0.177748263,
    0.155159459,
    0.443536729,
    -0.5310704,
    0.159716815,
    0.0240533985,
    -0.0247118063,
    -0.261119485,
    -0.179147944,
    -0.0242605582,
    0.04934487,
    0.168393448,
    0.173310846,
    0.177206948,
    0.166040242,
    0.32630524
  ],
  [
    -0.149185717,
    0.586395144,
    -0.0201123115,
    0.06442416,
    0.260090441,
    0.110237449,
    -0.276737124,
    0.2549194,
    0.11895705,
    -0.3756254,
    -0.00572180748,
    -0.05200123,
    0.00744358124,
    0.015279741,
    0.345968,
    -0.155809641,
    -0.08444885,
    -0.1507789,
    -0.5305249,
    0.262595177,
    -0.04232959,
    0.247783452,
    0.08622701,
    -0.0290456209,
    -0.212218568,
    0.297744274,
    -0.0546414554,
    0.2849724,
    0.10013482,
    -0.0260292087,
    0.0819569,
    0.320641369,
    -0.367511749,
    -0.4549619,
    -0.4825444,
    0.136386722,
    0.38100642,
    0.1434955,
    -0.08644731,
    -0.27400136,
    -0.235640526,
    0.0886353,
    -0.28238523,
    0.243503958,
    0.0147873284,
    -0.0304201934,
    -0.2546304,
    -0.164726511,
    -0.183172971,
    0.23619315,
    -0.0327193253,
    -0.550472,
    0.375501215,
    0.234810531,
    0.4806076,
    -0.0255589616,
    -0.0955551341,
    -0.186710075,
    -0.08617253,
    0.102635957,
    0.298915982,
    -0.124611422,
    0.5491447,
    0.113658026
  ],
  [
    -0.006614788,
    -0.389006734,
    -0.3674735,
    -0.413095266,
    0.1067467,
    0.3339176,
    0.360294074,
    -0.0573989823,
    0.124699414,
    0.2583859,
    0.08885851,
    0.3039576,
    0.380735636,
    -0.120281935,
    -0.1979485,
    0.1885777,
    0.5005334,
    -0.0118267909,
    -0.0211215187,
    -0.162605554,
    0.191459939,
    -0.304825723,
    -0.321081758,
    0.171919972,
    0.375419259,
    -0.2561603,
    -0.371638715,
    -0.0927738547,
    0.471592069,
    0.06630532,
    0.1686741,
    -0.141071662,
    0.104713827,
    0.09352415,
    0.152858213,
    -0.0411063023,
    0.179463938,
    -0.09338561,
    -0.4377954,
    0.451292068,
    -0.215921387,
    0.03088492,
    -0.09891806,
    -0.230440408,
    -0.179814517,
    -0.0177490413,
    0.534889042,
    0.251926064,
    0.4459058,
    -0.227958143,
    -0.127399474,
    0.258081734,
    -0.187991336,
    0.192690372,
    -0.0204728618,
    0.0537650138,
    0.0859746858,
    0.0368162468,
    -0.372897655,
    -0.2314208,
    0.02207161,
    0.248412549,
    -0.358044684,
    -0.131049827
  ],
  [
    0.558972359,
    0.0453964621,
    -0.277213633,
    -0.0248875748,
    0.127511531,
    0.06852556,
    0.132960364,
    0.4995183,
    -0.191234589,
    -0.06616011,
    0.153580427,
    0.4749811,
    0.131305054,
    0.4121843,
    -0.128541037,
    0.02607003,
    -0.0219180621,
    -0.114484392,
    0.300955981,
    0.0493273623,
    -0.159930438,
    0.00592206465,
    0.0464652032,
    -0.428740948,
    0.2928244,
    -0.384709239,
    0.214511067,
    0.0744308,
    0.156201422,
    0.00696118176,
    0.172737256,
    0.238805845,
    0.0168511532,
    0.0788313746,
    -0.427262843,
    0.289599866,
    -0.180123717,
    -0.146577939,
    -0.0632468462,
    -0.07032971,
    -0.1070094,
    0.07403035,
    0.259875834,
    0.00661243265,
    -0.270231962,
    -0.283836484,
    0.031160295,
    0.0173203181,
    -0.05116898,
    -0.07617591,
    0.5860433,
    0.00709078927,
    -0.0819527954,
    -0.446873069,
    0.0553760938,
    0.805958748,
    -0.123484924,
    0.1761244,
    0.274475425,
    0.188527346,
    0.274552673,
    -0.210141376,
    -0.05730356,
    0.37778306
  ],
  [
    -0.491160572,
    -0.0639940649,
    0.187771812,
    0.041840367,
    0.139253989,
    -0.360726625,
    -0.09512839,
    -0.273217052,
    -0.2864479,
    0.0801732838,
    0.263174832,
    0.5752358,
    -0.37423107,
    0.0856394544,
    0.558857441,
    -0.0811900944,
    -0.363834,
    0.04899908,
    0.6714685,
    0.5955722,
    -0.194151953,
    -0.06401662,
    -0.3836455,
    -0.0384673178,
    0.208695292,
    0.122208938,
    0.328943849,
    -0.216962308,
    0.0727421641,
    0.1641192,
    -0.0933991149,
    0.223681271,
    0.3195248,
    -0.06995461,
    -0.279649675,
    -0.189459249,
    0.272751868,
    0.2140958,
    0.200316578,
    -0.0305639375,
    -0.285746068,
    -0.2251591,
    0.09468756,
    -0.310812145,
    -0.208775759,
    0.0803656,
    0.199248478,
    0.204740644,
    -0.04604527,
    0.454509318,
    0.00663851667,
    0.135996521,
    0.3977194,
    0.156213641,
    -0.08367126,
    0.06064216,
    0.006991792,
    -0.132126346,
    0.247558072,
    -0.353117764,
    -0.282808125,
    0.0403202958,
    -0.122544862,
    -0.1289942
  ],
  [
    -0.264171332,
    0.292639136,
    -0.229792908,
    0.617044151,
    -0.052966956,
    0.0191355739,
    -0.06630802,
    -0.105454311,
    0.347324461,
    0.008182464,
    -0.06533114,
    -0.3621986,
    -0.077622585,
    0.5198641,
    -0.814558864,
    -0.229036644,
    -0.356668919,
    0.492959678,
    0.4452888,
    -0.245038331,
    0.0127770854,
    0.5547799,
    -0.196859822,
    0.030343689,
    -0.0389020666,
    0.49616003,
    0.26671347,
    0.306021661,
    0.176028416,
    0.28869912,
    -0.188791856,
    -0.3000251,
    0.513336539,
    -0.0390400961,
    0.3720656,
    -0.0397267863,
    -0.195141956,
    -0.2715481,
    -0.170600131,
    0.30110684,
    0.178344741,
    0.00082150707,
    0.07778549,
    0.4471685,
    0.2178126,
    -0.8641089,
    0.4145454,
    -0.0650731549,
    0.0569580048,
    -0.228107825,
    0.204149351,
    -0.137865111,
    0.0416130163,
    -0.508841753,
    -0.09531417,
    0.06395932,
    0.0464887433,
    0.566031,
    -0.02117765,
    0.32784155,
    -0.155716121,
    -0.349021435,
    -0.165446579,
    0.8894199
  ],
  [
    -0.229804069,
    0.143525377,
    -0.3083271,
    -0.137098074,
    -0.053344842,
    -0.471628457,
    0.06302765,
    0.149575472,
    -0.49496153,
    0.0156038385,
    -0.07662905,
    -0.6138037,
    0.356571823,
    -0.0206679013,
    -0.358709872,
    0.192252457,
    0.130158544,
    0.08581016,
    0.101312593,
    -0.360639483,
    0.1027792,
    0.009140625,
    -0.0360790342,
    -0.194389209,
    0.165832728,
    -0.0436727554,
    -0.15299654,
    -0.0177635644,
    0.1426601,
    -0.395787537,
    -0.295835376,
    0.126493171,
    0.269312739,
    0.176151156,
    0.21481806,
    0.198955357,
    -0.4921902,
    0.06257678,
    0.485818952,
    0.183203787,
    0.406058,
    0.261334449,
    -0.224448934,
    -0.5824892,
    0.102679834,
    0.0603637844,
    0.497151047,
    0.0456305668,
    -0.192799956,
    -0.338147521,
    -0.6141707,
    0.386852771,
    0.221049428,
    0.0436781757,
    -0.166791841,
    -0.3123788,
    0.206474558,
    0.225292057,
    -0.07636059,
    0.127355173,
    -0.08322771,
    -0.602699339,
    -0.2047536,
    0.455863923
  ],
  [
    -0.09589201,
    -0.407510757,
    -0.341871947,
    -0.220502779,
    0.133633912,
    -0.0166735221,
    0.176338971,
    -0.437223673,
    -0.188603163,
    0.0192006,
    0.0793018863,
    -0.170626014,
    0.1437574,
    -0.231743753,
    -0.266232371,
    0.0310138538,
    0.49189952,
    -0.218612179,
    0.210735321,
    0.350413173,
    0.235284522,
    0.17214939,
    -0.321092516,
    -0.239357144,
    0.284148961,
    0.04427229,
    -0.3201257,
    -0.030124139,
    0.449815243,
    0.163996428,
    -0.184439138,
    -0.0508132,
    0.0889095,
    0.0294559412,
    -0.0497454926,
    -0.111762337,
    0.371378124,
    0.348805845,
    -0.22233732,
    0.285198182,
    -0.146892816,
    0.389766842,
    -0.359230071,
    -0.0212161969,
    -0.0499503873,
    0.387232274,
    0.129339516,
    0.190336391,
    -0.09898543,
    -0.434215277,
    -0.278191477,
    -0.06545335,
    -0.190174982,
    0.33418268,
    -0.384976476,
    -0.5130847,
    0.345309883,
    -0.0271456353,
    0.2353288,
    -0.293842882,
    0.241711587,
    -0.108025074,
    -0.117387146,
    -0.176047817
  ],
  [
    0.1831864,
    -0.211326629,
    0.00231240876,
    -0.465923637,
    0.04586716,
    0.00529138977,
    0.238581046,
    -0.130802,
    0.108071208,
    -0.06444718,
    -0.4184827,
    0.280875623,
    0.414003938,
    -0.314755261,
    0.232555136,
    0.0429130532,
    0.172197431,
    -0.154387817,
    0.02880068,
    -0.0296566486,
    -0.0219109952,
    -0.1685124,
    0.0263161883,
    0.113611706,
    0.0306551624,
    -0.138869762,
    0.00141886575,
    -0.5093528,
    0.34528318,
    -0.047945302,
    0.07676525,
    0.137969583,
    0.0742315352,
    0.08255709,
    -0.242527321,
    -0.134814039,
    0.284302056,
    0.213668019,
    0.09667793,
    0.1432943,
    -0.3266491,
    0.114361644,
    -0.3716752,
    -0.5115715,
    -0.30019927,
    0.278150469,
    -0.02842073,
    -0.07100364,
    0.3281528,
    -0.2707744,
    0.009497907,
    0.23053433,
    -0.3748997,
    0.187064648,
    -0.333573937,
    -0.0332313068,
    -0.179873422,
    -0.0959738,
    -0.23469837,
    -0.24378188,
    0.0119307684,
    0.2378199,
    0.00594874052,
    -0.126924
  ],
  [
    0.009424941,
    -0.1552729,
    -0.185204074,
    -0.117863543,
    -0.2946141,
    -0.148054063,
    0.443256885,
    -0.336568534,
    -0.309677541,
    -0.231879979,
    -0.2746049,
    0.06608984,
    0.5161138,
    -0.469258428,
    -0.0315881632,
    0.379971743,
    0.452281058,
    -0.0994923,
    0.08764768,
    0.06869582,
    0.221006244,
    -0.0824051946,
    -0.319066465,
    -0.285692543,
    0.21408087,
    -0.33780545,
    -0.279268026,
    -0.563158751,
    0.178894535,
    -0.0108783552,
    0.134587243,
    0.285023421,
    -0.229092613,
    0.185901508,
    0.0468855351,
    -0.348301083,
    0.14282763,
    0.5558095,
    0.134838387,
    0.22411938,
    -0.409044534,
    0.5712787,
    -0.25493452,
    -0.392150223,
    -0.0948826,
    0.139455318,
    0.0659586638,
    0.37824896,
    0.498078883,
    -0.30186224,
    -0.452592075,
    0.338970184,
    -0.3076922,
    0.0105802007,
    -0.222203314,
    -0.427467167,
    0.125973046,
    0.179673418,
    -0.336504728,
    -0.03028398,
    -0.2779816,
    0.1106858,
    -0.157096386,
    0.114116147
  ],
  [
    0.104566433,
    0.0226677544,
    -0.398572534,
    -0.0217746459,
    -0.281172663,
    -0.002596605,
    0.242202282,
    0.0191350747,
    -0.0161250457,
    -0.217299312,
    -0.0470037,
    -0.124332309,
    0.327693254,
    0.11906822,
    0.1517891,
    -0.155210584,
    0.367687583,
    -0.357415646,
    -0.117196739,
    0.251919955,
    0.274727136,
    -0.271881819,
    -0.250369251,
    -0.09171339,
    0.299173146,
    0.07129505,
    -0.365682572,
    -0.12468341,
    0.00480568,
    0.117292561,
    0.204144776,
    0.3197306,
    -0.111634687,
    0.3217874,
    0.249313653,
    0.148137465,
    0.122157954,
    0.2531909,
    -0.07995003,
    0.307717234,
    -0.258494616,
    0.431452274,
    -0.06571902,
    -0.417887419,
    0.04180718,
    0.4110138,
    0.0614193752,
    0.1880755,
    0.10062772,
    -0.09094325,
    -0.387947857,
    0.350580126,
    0.06915761,
    0.06054923,
    -0.433251351,
    -0.151658788,
    0.1768329,
    0.08771027,
    -0.04385258,
    -0.137624726,
    0.0462957658,
    -0.168066934,
    0.0376991,
    0.269773483
  ],
  [
    -0.261212021,
    0.7169909,
    0.179791138,
    -0.182670414,
    -0.171846882,
    -0.122832909,
    0.211063266,
    -0.2763177,
    0.280422837,
    0.154895976,
    0.216099218,
    -0.5158757,
    -0.242529348,
    -0.227306664,
    -0.364487618,
    0.130380139,
    -0.06927619,
    0.144819319,
    -0.5323757,
    -0.0611443743,
    0.178049624,
    0.2166295,
    0.124962248,
    -0.11832457,
    -0.3368954,
    0.285605162,
    0.170930281,
    0.140906662,
    -0.14570266,
    -0.561011255,
    -0.3564607,
    -0.206718639,
    -0.180211946,
    -0.06930419,
    -0.08219136,
    0.245760471,
    0.190311715,
    -0.241618723,
    0.2580675,
    0.200540379,
    0.188449726,
    -0.343262345,
    -0.06579446,
    -0.08114821,
    0.6097705,
    0.4602476,
    -0.14344129,
    -0.04371519,
    -0.110074766,
    0.239010245,
    -0.24829641,
    -0.150764063,
    0.227593452,
    0.06887028,
    0.270208567,
    -0.106550604,
    0.160114929,
    0.150234818,
    -0.023519652,
    0.515473366,
    0.3848337,
    -0.4651319,
    0.475260347,
    -0.134032115
  ],
  [
    -0.12944293,
    0.158208564,
    -0.0706189945,
    0.147838593,
    -0.0712954253,
    -0.0515072532,
    -0.252926737,
    0.481626064,
    0.103324309,
    0.165826052,
    0.008681175,
    0.277368635,
    -0.3019794,
    -0.06738221,
    -0.213805646,
    0.133786172,
    -0.105590574,
    0.314247459,
    0.03224204,
    -0.4232878,
    -0.189162657,
    0.0806134641,
    0.235097185,
    0.09073253,
    -0.287910461,
    0.132724792,
    0.172248557,
    0.5372552,
    0.0167085771,
    0.1952363,
    -0.03735037,
    -0.1438197,
    -0.0930548459,
    -0.1867395,
    -0.218231067,
    0.3672466,
    -0.119177461,
    -0.141874731,
    0.0417418033,
    -0.267539352,
    -0.0536362566,
    -0.208184212,
    -0.140602008,
    0.3605332,
    -0.0151503561,
    0.0317759849,
    -0.327189416,
    -0.335739553,
    0.147263184,
    0.147164717,
    0.0318632461,
    0.134523839,
    0.182012662,
    0.1481752,
    0.08483481,
    0.004322612,
    -0.135018051,
    -0.366334945,
    0.335678,
    0.237091,
    0.06389503,
    0.12735717,
    0.3227661,
    -0.087914
  ],
  [
    0.115238674,
    -0.363028765,
    -0.0356582478,
    -0.4312813,
    -0.133892789,
    -0.255406022,
    0.0359319672,
    -0.149148747,
    -0.0263111629,
    -0.178646326,
    -0.389261,
    -0.227138445,
    0.231283024,
    -0.0565857925,
    -0.285739064,
    0.1962383,
    0.005795376,
    -0.20229286,
    -0.113176666,
    0.1496043,
    0.455293745,
    -0.255484849,
    -0.09063376,
    0.257356137,
    -0.213448048,
    0.121415369,
    -0.538402736,
    -0.309532851,
    0.129040837,
    0.131903231,
    0.07972798,
    0.123947471,
    -0.08235948,
    0.130397,
    0.21464479,
    0.2114723,
    0.302712351,
    0.4705327,
    -0.114445254,
    0.386586159,
    -0.19499968,
    0.07670729,
    -0.175732642,
    -0.2881962,
    -0.04751573,
    0.00307810633,
    0.427203685,
    0.323180944,
    0.08348772,
    0.007401786,
    -0.406347245,
    0.417688,
    -0.165575,
    -0.175514311,
    -0.218887925,
    -0.0398970768,
    0.0534568876,
    0.08543151,
    -0.163046539,
    0.214742109,
    0.2022308,
    0.261123419,
    -0.1868429,
    0.3259734
  ],
  [
    0.154188126,
    0.342487782,
    -0.32224974,
    0.0115350038,
    -0.101784371,
    -0.206565455,
    -0.278617263,
    0.295538127,
    -0.4524849,
    -0.3084971,
    -0.28596738,
    0.402260333,
    -0.09184062,
    -0.3216533,
    0.370443761,
    0.08300047,
    0.256637335,
    -0.280944854,
    -0.113775626,
    0.604997635,
    -0.0893470049,
    0.4836085,
    0.46920076,
    0.0605853572,
    0.171105847,
    0.10627871,
    0.1298411,
    0.154630035,
    -0.271655172,
    0.219752952,
    -0.292565018,
    0.22011821,
    -0.248707622,
    -0.131792,
    -0.488648474,
    0.611023545,
    -0.08603814,
    0.7102492,
    0.21465084,
    -0.154051051,
    0.340149522,
    -0.3090455,
    -0.747757256,
    -0.03975724,
    -0.550548255,
    -0.014244739,
    0.231612816,
    0.0713665858,
    -0.2810843,
    0.30058074,
    -0.237387463,
    -0.628005564,
    0.161298692,
    -0.028703019,
    -0.0488464832,
    -0.2985652,
    0.0205996353,
    0.38045308,
    0.359126866,
    0.06012969,
    0.219777137,
    -0.270685166,
    -0.2077427,
    0.3024883
  ],
  [
    0.490209937,
    -0.0496161021,
    0.211457431,
    0.4112978,
    0.163788646,
    0.04941759,
    0.02206114,
    0.4623206,
    -0.2048582,
    -0.0923283845,
    0.0673494339,
    0.157879233,
    -0.100253686,
    -0.1504101,
    -0.0655610859,
    0.154939771,
    0.0945954,
    0.00695645949,
    0.5977252,
    0.176594585,
    -0.07250067,
    -0.04655971,
    0.579241633,
    0.00180520746,
    0.25371176,
    0.2652142,
    0.219631374,
    -0.04076174,
    -0.102878608,
    0.122700222,
    0.188399076,
    0.0471055843,
    0.344344556,
    0.00303284661,
    -0.0493666381,
    -0.145054087,
    -0.19512336,
    -0.07693904,
    0.16217868,
    0.116925575,
    0.6140177,
    -0.250316948,
    0.181942046,
    0.04374425,
    0.242938325,
    -0.113886476,
    0.276438832,
    -0.05273163,
    0.1541819,
    -0.111299329,
    0.1847497,
    0.243955165,
    -0.0387595,
    -0.39511165,
    0.293147266,
    0.375770956,
    0.304912925,
    0.3855485,
    0.301546425,
    -0.07360231,
    -0.195532829,
    0.178068459,
    -0.268316716,
    0.130763143
  ],
  [
    -0.06865704,
    0.333715379,
    0.160273641,
    0.5335467,
    0.351737231,
    -0.258295566,
    -0.361628681,
    0.5155521,
    -0.306787,
    0.23628737,
    0.0942971259,
    0.165787593,
    -0.06587696,
    0.053787373,
    0.163346767,
    -0.4322883,
    -0.04762434,
    0.08406502,
    -0.0244708639,
    -0.03871632,
    -0.0480980538,
    0.234456375,
    -0.160199508,
    -0.08332428,
    -0.188190982,
    0.354128957,
    0.498229951,
    0.23695986,
    -0.0959873646,
    0.125333682,
    0.151523769,
    -0.324979126,
    0.209240064,
    -0.425249755,
    -0.06527721,
    0.153946564,
    -0.0217572581,
    -0.06321505,
    -0.192534462,
    -0.02042266,
    -0.0614454858,
    -0.218039989,
    -0.126825362,
    0.4840058,
    0.187941924,
    -0.164223835,
    -0.2223498,
    -0.2530273,
    -0.224170446,
    0.3073345,
    0.156677216,
    0.09147116,
    0.490925878,
    -0.122295871,
    -0.0123185953,
    -0.05278243,
    -0.09599135,
    -0.3732763,
    0.001645436,
    0.190543652,
    0.09036229,
    0.09012013,
    -0.2755512,
    -0.03259339
  ],
  [
    0.402415872,
    -0.0310705174,
    -0.644040763,
    0.0460753031,
    -0.3203519,
    0.1815613,
    -0.465376,
    0.251551658,
    0.0373876132,
    0.390822,
    0.0225944333,
    -0.633202732,
    0.18960309,
    0.305456042,
    -0.4780766,
    0.05635996,
    -0.07138031,
    -0.169929728,
    0.174253374,
    -0.6874128,
    -0.09538411,
    -0.3497672,
    0.194270417,
    -0.4318376,
    -0.00597683527,
    0.184049726,
    0.213380262,
    0.08938575,
    0.111743271,
    0.233951136,
    -0.03938751,
    0.21409601,
    -0.241201639,
    -0.00732841948,
    0.176636428,
    0.434677929,
    0.169279292,
    -0.33187142,
    -0.3136011,
    0.5405074,
    -0.233675182,
    -0.2511442,
    0.106065705,
    0.00561389,
    0.257124424,
    -0.3127681,
    -0.05413093,
    -0.3536166,
    -0.0195454322,
    -0.6037669,
    -0.3978914,
    0.211769253,
    0.233219057,
    -0.267896861,
    0.010410348,
    0.00512673333,
    -0.3044413,
    -0.206932828,
    0.0763566643,
    -0.0346989036,
    -0.0108857248,
    -0.399080515,
    0.4587903,
    -0.06695206
  ],
  [
    -0.0679582953,
    0.3270636,
    0.124978043,
    -0.07040944,
    0.452239931,
    -0.22151871,
    0.213631392,
    0.251820952,
    0.245232552,
    -0.1674088,
    0.0824171156,
    -0.113945566,
    -0.058350198,
    0.112756386,
    -0.343374521,
    -0.02689843,
    0.0135324029,
    0.1873909,
    0.103536405,
    0.288551,
    0.362187475,
    0.36822626,
    -0.136116311,
    -0.299000144,
    0.223678216,
    0.235973135,
    -0.24675861,
    -0.145505771,
    -0.162959665,
    0.150161073,
    0.218441159,
    -0.06256466,
    -0.10174796,
    -0.318637073,
    0.0111874249,
    0.233629882,
    0.216601357,
    0.271458,
    -0.120525077,
    -0.164207876,
    -0.280928254,
    -0.08096571,
    -0.466910779,
    -0.128362238,
    0.172677815,
    -0.368943363,
    -0.025714932,
    0.3823429,
    0.163480431,
    -0.133714437,
    0.122041814,
    -0.59944874,
    0.137357473,
    -0.365953237,
    -0.13412717,
    0.226829678,
    0.301285267,
    0.236297339,
    0.01050696,
    0.09151611,
    0.2279319,
    -0.241906255,
    -0.143885478,
    0.529079437
  ],
  [
    -0.116887987,
    -0.159926757,
    -0.46171844,
    -0.361193746,
    0.257626235,
    -0.3498504,
    0.2118931,
    0.303613454,
    -0.200558752,
    0.32849732,
    0.0261854213,
    0.123936705,
    -0.309533149,
    -0.449700654,
    -0.0853023157,
    0.328252226,
    -0.16496709,
    -0.290159225,
    0.349210531,
    0.249261677,
    0.0488505661,
    -0.0368730575,
    0.0467828661,
    -0.117289759,
    0.192495421,
    0.124761261,
    -0.224690288,
    0.180421621,
    -0.000180807663,
    0.30128178,
    0.117139794,
    0.00492349872,
    0.136232316,
    -0.03814551,
    -0.390318781,
    0.406291366,
    0.451598674,
    0.0331685841,
    -0.2115685,
    0.500248432,
    -0.563091755,
    0.134428978,
    -0.166233763,
    0.027682988,
    0.0613583,
    -0.09420376,
    0.103987269,
    -0.101712286,
    -0.07699607,
    0.242234722,
    -0.11354024,
    0.0531199,
    -0.12914896,
    0.366786718,
    0.08306591,
    0.127682522,
    0.349074721,
    0.0236383323,
    -0.16412136,
    0.135173053,
    0.105322391,
    -0.382120639,
    0.228020728,
    -0.2681135
  ],
  [
    -0.164962873,
    -0.0687861,
    0.3756024,
    -0.0171143673,
    -0.1677648,
    -0.015491114,
    -0.345424265,
    0.02210495,
    -0.1448524,
    -0.151602343,
    -0.014854826,
    0.08980481,
    -0.108835869,
    0.3900419,
    -0.221146658,
    -0.273677081,
    -0.16498749,
    0.1445831,
    0.1858174,
    -0.0489157476,
    -0.117839761,
    0.2642464,
    0.0009469289,
    -0.0128525309,
    0.245062888,
    -0.00269833021,
    0.394400984,
    0.101641648,
    -0.3589519,
    0.0459969863,
    0.2890952,
    0.103035554,
    -0.212541312,
    -0.4409402,
    0.230663329,
    -0.139111668,
    -0.132774428,
    -0.0701243,
    0.27170217,
    0.1067363,
    0.267607838,
    -0.321342915,
    0.266893417,
    0.3627342,
    0.152846351,
    0.0127664944,
    -0.05289612,
    -0.164753839,
    -0.126373678,
    0.3766058,
    0.351083457,
    -0.282270849,
    0.359726667,
    -0.131768972,
    0.397526145,
    0.0231375769,
    -0.14508006,
    0.115680046,
    0.352403253,
    0.0292930063,
    0.00161486689,
    -0.0937915,
    0.161075428,
    0.0494572371
  ],
  [
    0.348435819,
    -0.404803336,
    -0.209746912,
    -0.176968232,
    -0.06577682,
    -0.183628738,
    -0.03574183,
    0.224166468,
    0.0171349235,
    0.09701988,
    -0.34974286,
    0.264302731,
    0.219364017,
    -0.479101926,
    0.0293883327,
    -0.07120532,
    0.2533788,
    0.1282007,
    -0.06340881,
    0.2521271,
    -0.007859088,
    0.253799736,
    0.436459929,
    0.3347122,
    0.182947442,
    0.1918569,
    -0.272154063,
    0.500978768,
    -0.0377031974,
    -0.00919873547,
    -0.365035057,
    0.09036681,
    -0.3514627,
    0.025462456,
    0.029746158,
    -0.0128642768,
    0.0112080984,
    0.56150794,
    -0.07808482,
    -0.192285255,
    0.08118278,
    0.058654502,
    0.162814423,
    -0.10406632,
    -0.358091772,
    0.107309341,
    0.6934576,
    0.181426078,
    0.1931642,
    -0.1748898,
    0.308633566,
    -0.412857741,
    -0.07092272,
    -0.221438974,
    -0.14601852,
    -0.218591273,
    0.136782438,
    0.145162851,
    -0.2834393,
    0.05286146,
    -0.139760628,
    -0.0377309769,
    -0.0824531242,
    -0.135430679
  ],
  [
    0.166238859,
    -0.245155424,
    0.00130862789,
    -0.21541062,
    0.128523842,
    -0.110537849,
    0.375506818,
    -0.3605908,
    0.00266485848,
    -0.233171612,
    -0.0110833552,
    0.0365784,
    0.393273264,
    -0.246835291,
    0.07953863,
    0.145859256,
    0.19795841,
    -0.425079018,
    0.266788,
    -0.0251845121,
    0.0480868742,
    -0.0483672619,
    -0.114857793,
    0.0314071961,
    -0.0156914759,
    -0.345401675,
    -0.330759764,
    -0.21496892,
    0.209233135,
    -0.186680987,
    -0.10851641,
    -0.146088839,
    0.173144981,
    0.146157026,
    0.0844634548,
    -0.277776539,
    0.2834944,
    0.3908693,
    -0.0624051,
    0.273597568,
    -0.3413513,
    0.456274629,
    -0.07611748,
    -0.3949605,
    -0.009893921,
    0.28539905,
    0.0802340358,
    -0.01475661,
    0.3361017,
    0.0786723,
    -0.1334132,
    0.37527734,
    -0.2579813,
    0.124173254,
    -0.176253513,
    -0.439183384,
    -0.19147177,
    0.0393840931,
    -0.337177247,
    0.145559952,
    -0.122894831,
    0.188807741,
    0.0817489251,
    0.364726573
  ],
  [
    0.107758082,
    0.049251467,
    0.09910455,
    0.08788268,
    0.0611630455,
    0.1926856,
    0.175619766,
    0.041299928,
    0.235668674,
    -0.361281365,
    -0.231625676,
    -0.274725676,
    0.121664792,
    -0.237302125,
    -0.345291436,
    0.06822819,
    0.076051496,
    0.3026635,
    -0.0139804585,
    -0.491295755,
    -0.07766303,
    0.224330515,
    0.353114873,
    -0.332522839,
    0.0813598558,
    0.0407671779,
    -0.1915463,
    -0.162341565,
    0.450837,
    -0.100794733,
    -0.12345621,
    -0.114562131,
    -0.2137493,
    -0.0171680618,
    0.470252633,
    0.137844458,
    -0.124291122,
    0.194782183,
    0.473809779,
    -0.08322796,
    0.08318226,
    0.237876728,
    -0.0923188254,
    -0.06577013,
    -0.09096287,
    0.08043686,
    0.2809337,
    0.288054943,
    0.0492266975,
    -0.448896676,
    -0.339125216,
    -0.2091063,
    -0.0306657813,
    -0.266052544,
    -0.0446019433,
    -0.03356699,
    -0.191502422,
    0.5697077,
    0.05124153,
    0.207502514,
    -0.118941627,
    -0.293657243,
    -0.0460308939,
    -0.210154757
  ],
  [
    -0.182370022,
    0.157236844,
    0.17242007,
    -0.123989545,
    0.0446712561,
    -0.2716691,
    0.167718276,
    0.157499924,
    -0.185159788,
    -0.3348071,
    0.201740116,
    0.08084058,
    0.310745746,
    -0.0588829629,
    -0.49181816,
    0.5296259,
    -0.176917136,
    -0.0354150757,
    0.348828763,
    0.5441337,
    0.434592783,
    0.17381233,
    -0.159423247,
    -0.751945555,
    -0.0128671788,
    -0.227372631,
    0.0597007424,
    -0.278593034,
    -0.09615436,
    0.486456841,
    0.6480192,
    0.0558631234,
    0.402585953,
    -0.202516779,
    -0.114833519,
    -0.242162719,
    0.569725633,
    -0.129149571,
    0.621763945,
    -0.0671358258,
    0.003249,
    0.201275989,
    -0.120228805,
    -0.2239853,
    0.148268476,
    0.32564944,
    -0.288445681,
    0.3186031,
    0.1774547,
    -0.225558221,
    0.3116814,
    -0.4162706,
    -0.3490017,
    0.100328028,
    0.0671906,
    0.416646272,
    0.01538233,
    0.3948476,
    -0.110690877,
    0.07008217,
    0.537601531,
    -0.266487777,
    -0.275029451,
    0.246342286
  ],
  [
    -0.3418892,
    0.440562278,
    0.131009713,
    0.513686955,
    0.134662345,
    -0.0167868044,
    0.193554163,
    -0.3394552,
    0.400492132,
    0.386769176,
    -0.0341506824,
    0.133456,
    -0.282564729,
    0.444923848,
    -0.256554365,
    0.186123878,
    0.101346679,
    0.141622946,
    0.254594415,
    0.265588731,
    -0.177959085,
    0.198736414,
    -0.471783161,
    0.164045319,
    -0.0889983,
    0.335279137,
    -0.08986125,
    -0.06505955,
    -0.07449169,
    -0.526506662,
    -0.552375853,
    -0.12081378,
    0.0173722077,
    -0.153549656,
    -0.126749441,
    -0.0969596356,
    0.490034342,
    -0.0731822848,
    -0.330356181,
    0.3000508,
    0.00561849866,
    -0.21237722,
    0.102886714,
    0.06605036,
    -0.08961406,
    -0.102044135,
    0.324413538,
    0.08605805,
    -0.2012952,
    0.748501539,
    -0.206413954,
    0.0276771672,
    -0.0492928736,
    -0.6124194,
    -0.167872369,
    -0.06652677,
    0.00206037029,
    -0.120650828,
    -0.0536030754,
    -0.0008160097,
    -0.177183479,
    -0.08138898,
    -0.1555896,
    0.37981984
  ],
  [
    0.3073863,
    -0.166402444,
    0.151901692,
    -0.0319504961,
    -0.206204638,
    0.4807864,
    0.261028767,
    0.09184271,
    0.5225499,
    -0.2971601,
    0.068739824,
    0.429398328,
    0.127944812,
    0.211961135,
    0.237342775,
    -0.15864639,
    0.19766438,
    0.335654736,
    -0.0397677347,
    0.024744302,
    0.09201623,
    -0.179736033,
    0.3174931,
    0.293988019,
    0.187348068,
    -0.00550221046,
    -0.239894584,
    0.140199214,
    0.08691576,
    0.09743,
    0.311875373,
    -0.275637656,
    -0.03312855,
    -0.0270791724,
    0.118169621,
    -0.166844562,
    0.250376463,
    0.129338726,
    -0.240181237,
    -0.2998105,
    -0.204881266,
    0.194842339,
    0.291518271,
    0.516347647,
    -0.02503295,
    -0.009916426,
    -0.162611008,
    -0.09983715,
    0.0425386541,
    -0.06412128,
    0.4329496,
    -0.0128302416,
    -0.2545816,
    0.09482309,
    -0.155358508,
    0.299750745,
    0.237727761,
    -0.130210415,
    -0.198093712,
    0.168273553,
    -0.173834935,
    0.326828182,
    -0.04889407,
    -0.228287175
  ],
  [
    -0.158619151,
    0.272821426,
    -0.249674216,
    0.03461908,
    0.206697986,
    0.0979879,
    -0.20060347,
    0.09028201,
    0.08711055,
    0.313671082,
    -0.03982348,
    -0.333495915,
    -0.4503894,
    -0.6748758,
    -0.217143565,
    0.150690645,
    0.06436122,
    -0.131305173,
    -0.239364773,
    -0.144032761,
    -0.02294513,
    -0.07142126,
    0.05441851,
    0.0207446255,
    0.005096264,
    0.0562111959,
    0.355758637,
    0.219062909,
    -0.430269539,
    -0.0832546055,
    -0.196681142,
    0.1614522,
    -0.392418623,
    -0.04466007,
    0.0344778933,
    0.2852516,
    -0.203511,
    -0.115345918,
    0.143776461,
    0.27748403,
    -0.310329646,
    0.0152731016,
    0.168441415,
    0.108897917,
    0.212977663,
    0.25843063,
    -0.182485089,
    0.0777948,
    -0.250853151,
    -0.255122244,
    -0.2368968,
    -0.2630971,
    -0.214104965,
    0.512906969,
    0.135868028,
    0.135939881,
    0.01868955,
    -0.114789575,
    -0.0257567763,
    0.251354665,
    0.134365082,
    -0.228801116,
    0.146062791,
    -0.5732266
  ],
  [
    0.124500565,
    -0.324635029,
    0.0401322,
    -0.290046066,
    0.23029086,
    0.238374636,
    0.423575431,
    -0.00282235234,
    -0.242387712,
    0.289327264,
    0.1488001,
    0.183180988,
    0.291418,
    -0.296641916,
    -0.133734152,
    0.08976991,
    0.169421628,
    -0.197727144,
    0.19236967,
    0.03271905,
    0.01934568,
    0.0356670879,
    -0.1996491,
    -0.00687798345,
    -0.0566199124,
    0.20937638,
    -0.311591238,
    -0.259722948,
    0.2433079,
    -0.08888245,
    -0.256457955,
    0.156426683,
    0.156717345,
    0.17835632,
    -0.283094347,
    -0.241745621,
    0.1123998,
    -0.04090313,
    -0.2368816,
    0.182912335,
    -0.0353700221,
    0.4836216,
    0.195918649,
    -0.307665378,
    -0.128692746,
    0.3304613,
    0.024406787,
    0.0237384923,
    0.2358851,
    -0.120584846,
    -0.477832347,
    0.2341003,
    -0.206664979,
    -0.04350583,
    -0.334927469,
    0.0231649484,
    0.156946018,
    -0.0272215288,
    -0.154897,
    -0.1586184,
    -0.057464093,
    0.283924818,
    0.000628860551,
    0.125748888
  ],
  [
    0.02659405,
    -0.112308092,
    -0.6619238,
    0.265204668,
    -0.187255666,
    0.231010109,
    -0.09016088,
    -0.0692045242,
    -0.0428026281,
    0.726549864,
    -0.1445921,
    0.29365474,
    -0.363611758,
    0.224655569,
    -0.121465139,
    -0.117319271,
    0.0336131379,
    -0.165851086,
    0.150884211,
    0.0275303517,
    0.105324827,
    -0.4853436,
    -0.378724068,
    0.493737876,
    0.0417024642,
    0.08572614,
    0.0826381743,
    0.08443953,
    -0.389323384,
    -0.450107038,
    -0.09774869,
    0.380865157,
    -0.138157547,
    -0.07480691,
    -0.175481454,
    0.4866799,
    0.459296048,
    -0.28579542,
    -0.449176133,
    0.456029147,
    -0.386250138,
    -0.22892116,
    -0.382840544,
    0.207452,
    -0.223022744,
    -0.200702652,
    0.307358652,
    -0.173439816,
    -0.336586684,
    0.275893778,
    -0.203636914,
    0.239289,
    0.3569855,
    -0.119721472,
    0.00147104973,
    -0.332054079,
    -0.34414494,
    -0.6819616,
    0.16709891,
    -0.395544469,
    -0.0216163062,
    0.0208287053,
    0.3621042,
    -0.0225133058
  ],
  [
    0.07907112,
    -0.330842882,
    -0.441778451,
    -0.352538019,
    0.00169367658,
    0.09170105,
    0.373752952,
    0.078912504,
    -0.103356168,
    -0.19247,
    -0.2668253,
    0.178625643,
    0.06146014,
    -0.3423028,
    -0.09195793,
    0.281655759,
    0.202011,
    -0.272843778,
    -0.09262741,
    0.114575483,
    0.203844815,
    -0.205436781,
    0.07584061,
    -0.151808783,
    0.286413521,
    -0.2922441,
    -0.48765415,
    -0.173381612,
    0.04851837,
    0.006601969,
    -0.150687709,
    0.08686874,
    0.20169571,
    0.3039328,
    -0.0222512316,
    0.0381859466,
    0.0546118654,
    0.324915349,
    -0.208205879,
    -0.05498825,
    0.149611786,
    -0.06404199,
    -0.153838083,
    -0.288288832,
    0.104639091,
    0.300840825,
    0.14340511,
    -0.08457677,
    -0.126174852,
    0.138268158,
    -0.058982078,
    0.263982058,
    -0.253905118,
    -0.1841111,
    -0.0154908961,
    -0.3337214,
    0.280561477,
    0.0014174669,
    -0.350440145,
    -0.06277183,
    -0.1392586,
    -0.106741481,
    0.122541323,
    0.323887765
  ],
  [
    0.2377686,
    0.08893417,
    -0.17654039,
    -0.145944178,
    0.282211125,
    0.154892445,
    -0.1049319,
    0.0248885881,
    -0.331374615,
    0.0645121,
    -0.2169849,
    -0.376699716,
    0.3479222,
    0.124453865,
    0.157759875,
    -0.167630941,
    0.112280868,
    0.232996151,
    0.0504426546,
    -0.146900252,
    -0.08710062,
    0.0113787819,
    -0.2584368,
    0.140925586,
    0.1551427,
    -0.006562921,
    0.0493836,
    -0.0379985459,
    -0.153601617,
    -0.186383456,
    0.153823346,
    -0.06342662,
    0.07081083,
    0.23989065,
    0.262626857,
    0.0538090132,
    -0.0126473494,
    0.07094119,
    0.0498642176,
    -0.064310275,
    -0.204288229,
    0.279877633,
    0.299640447,
    -0.35114333,
    -0.191408634,
    0.245843068,
    0.125859872,
    0.295202851,
    -0.03982566,
    -0.2630005,
    -0.158656552,
    -0.07839664,
    -0.1111137,
    0.152261361,
    -0.0722774342,
    -0.0368279479,
    -0.09619601,
    0.07226284,
    -0.212687626,
    -0.238671765,
    0.04297635,
    -0.04465671,
    -0.104554974,
    0.07014662
  ]
]