[
  [
    0.6879203,
    0.0708344057,
    0.04441986,
    -0.333753765,
    -0.2595931,
    0.7235315,
    -0.347897232,
    0.237740308,
    0.196846545,
    0.394290626,
    1.0334264,
    -0.283044845,
    0.123128541,
    -0.155767351,
    -0.7451917,
    0.260661125,
    -0.142627433,
    -0.118822351,
    -0.249977425,
    0.0028574348,
    -0.167770356,
    0.342716,
    0.91206187,
    -0.344557047,
    0.213927791,
    0.268050849,
    0.5836117,
    0.587835252,
    0.4728677,
    0.4181685,
    0.874678433,
    0.300349861
  ],
  [
    0.259743541,
    -0.2571162,
    0.463734537,
    0.293833315,
    0.06806939,
    0.388178945,
    -0.143739879,
    0.191137016,
    0.233203009,
    -0.190773472,
    0.120184042,
    -0.712053061,
    0.104989775,
    -0.232021049,
    -0.327868074,
    0.421165168,
    -0.009308501,
    0.4146067,
    -0.592196,
    0.156997114,
    0.03908266,
    0.329684168,
    0.145249337,
    -0.143567726,
    -0.5641862,
    -0.127294481,
    0.250508249,
    0.0387823842,
    0.5424642,
    0.198652908,
    0.5728129,
    0.0696428642
  ],
  [
    0.0336181633,
    0.296884328,
    0.174275592,
    -0.72069335,
    -0.06659253,
    -0.140486985,
    -0.4799978,
    0.18252787,
    0.353260577,
    0.05607557,
    0.389610976,
    0.224494174,
    0.132642329,
    0.1475733,
    -0.751205862,
    -0.533554852,
    -0.0935999155,
    0.0399115533,
    -0.14160414,
    -0.08850673,
    -0.3030053,
    -0.484174043,
    0.4119066,
    -0.181147158,
    -0.35161975,
    0.416783541,
    0.28348583,
    -0.110268667,
    0.48257193,
    0.331707358,
    0.484903127,
    0.245947763
  ],
  [
    -0.3956329,
    -0.42176488,
    0.05053345,
    -0.207861423,
    0.271151125,
    0.0547256172,
    0.33508873,
    -0.0419297777,
    0.175689057,
    0.0303826574,
    0.237758815,
    0.620731831,
    -0.06163229,
    -0.404844582,
    -0.7301154,
    0.548762262,
    0.0134356795,
    -0.100211166,
    -0.401901931,
    -0.176498771,
    -0.153788239,
    0.226381674,
    0.258241683,
    0.196417376,
    -0.03457939,
    0.168229163,
    -0.436854243,
    0.155881032,
    0.394789845,
    -0.236777186,
    0.5413655,
    0.265710831
  ],
  [
    0.06337774,
    -0.1516973,
    0.04787306,
    -0.236026391,
    0.585043848,
    -1.02063644,
    -0.652691662,
    0.238360614,
    0.6199035,
    0.1209033,
    0.323275864,
    0.07664379,
    -0.1117645,
    -0.0438509,
    0.3830757,
    -0.160785437,
    -0.201976776,
    -0.490756571,
    -0.17897962,
    0.0109992195,
    -0.19939065,
    -0.2316288,
    0.438770652,
    -0.242707789,
    1.07065356,
    -0.5135262,
    0.0057121045,
    0.483628929,
    0.0948997661,
    -0.28080368,
    0.362957358,
    0.189522728
  ],
  [
    0.611048341,
    0.241014957,
    0.01947694,
    0.169876337,
    -0.5435248,
    -0.0280013457,
    -0.07008301,
    0.00656051375,
    0.37470144,
    0.131214589,
    0.590873,
    -0.07794526,
    -0.0386379063,
    -0.3549186,
    0.394271165,
    0.360538632,
    0.0007212672,
    0.2782163,
    -0.287851721,
    0.0261907317,
    -0.2988398,
    -0.11052423,
    0.712659,
    0.175269052,
    -0.0169651452,
    -0.441867054,
    -0.6545166,
    0.6231281,
    0.185157165,
    -0.093809396,
    0.382858038,
    0.2913563
  ],
  [
    0.323560148,
    0.4429766,
    0.123524442,
    -0.457160026,
    0.09203541,
    0.224862531,
    -0.45172736,
    -0.1413217,
    0.178736687,
    0.0608072951,
    0.468482018,
    -0.237452865,
    0.04622877,
    -0.534866035,
    0.53868264,
    0.34760794,
    -0.08064235,
    -0.5775536,
    -0.141593918,
    0.156583428,
    -0.104928546,
    0.634225667,
    0.647066236,
    -0.0442427844,
    -0.718627453,
    0.329384416,
    0.461595476,
    0.418017566,
    0.635832548,
    -0.074717395,
    0.8436393,
    0.353506625
  ],
  [
    0.5613919,
    0.2953685,
    -0.2605194,
    0.09785119,
    0.512850463,
    0.4612042,
    0.0665051,
    0.21489127,
    0.27333492,
    -0.0168591365,
    0.502099454,
    0.1131485,
    0.369357,
    -0.337107956,
    -0.256361336,
    0.355897069,
    -0.04210651,
    0.439605564,
    -0.0863247,
    0.6288184,
    -0.127967685,
    0.352440447,
    0.4616233,
    -0.304060221,
    1.05851352,
    0.206749618,
    -0.0147740515,
    0.285217583,
    0.37612927,
    0.453002751,
    0.7208107,
    0.0517679229
  ],
  [
    0.450612,
    0.168649748,
    0.311425567,
    0.377212077,
    -0.484152734,
    0.396544546,
    -0.769451737,
    0.259639651,
    0.275530219,
    0.271378845,
    0.5935789,
    0.4847894,
    -0.027817199,
    -0.0865197,
    -0.46162796,
    0.218690187,
    -0.2566857,
    0.1288881,
    0.123238526,
    0.036405012,
    -0.08879404,
    -0.282038867,
    0.672059953,
    0.07908082,
    0.219224155,
    -0.195699319,
    0.4159266,
    0.262777835,
    0.514347434,
    -0.6862524,
    0.4936044,
    -0.08084955
  ],
  [
    0.0036269587,
    0.0440473258,
    -0.155856386,
    0.111553743,
    0.142327324,
    0.860725,
    -0.119861364,
    0.185316041,
    0.221969321,
    0.2728606,
    0.416534871,
    -0.41426605,
    -0.14219664,
    0.0009753206,
    0.3822392,
    0.0113004232,
    0.147281677,
    -0.561200142,
    0.2324902,
    -0.477592468,
    -0.172072232,
    -0.37149924,
    0.5638191,
    -0.361234576,
    0.3674087,
    0.3537762,
    -0.004391075,
    -0.150840417,
    0.292862684,
    -0.395575732,
    0.30632773,
    0.07980071
  ]
]