[
  0.0142302113,
  -0.0435047038,
  -0.0600149967,
  0.0775867254,
  -0.0410375558,
  -0.09605712,
  -0.0176890083,
  0.02325505,
  0.107810095,
  0.0574208722,
  -0.04938605,
  0.06528685,
  -0.131545529,
  0.0446460247,
  -0.07808157,
  0.05540119,
  -0.0613370165,
  -0.0290202443,
  -0.08018028,
  -0.0923463553,
  -0.08857989,
  -0.0488967635,
  -0.04596054,
  0.0180586129,
  0.0449206531,
  0.111800432,
  0.0170140639,
  0.105233639,
  0.0517158322,
  0.0509673133,
  0.0363345966,
  0.115452982,
  -0.08149739,
  0.029098548,
  0.0168884285,
  0.00523358677,
  0.108677782,
  -0.0142462365,
  0.0285245925,
  -0.0445865877,
  0.0456339829,
  -0.0565327927,
  -0.02307038,
  -0.0268861279,
  0.1193241,
  -0.080154255,
  -0.0553230122,
  -0.141288683,
  -0.00468454743,
  -0.0166412946,
  0.05421757,
  -0.06449448,
  0.129551634,
  -0.0486600362,
  0.01553093,
  -0.113400184,
  0.0210809782,
  0.05003291,
  0.0525649972,
  -0.05089683,
  -0.0196413118,
  -0.04171967,
  0.0869509652,
  -0.08664526
]