[
  [
    -0.170879483,
    -0.115317948,
    0.6458588,
    -0.242052153,
    0.07136038,
    0.0905469,
    0.06552727,
    -0.2758909,
    0.418949962,
    -0.395576864,
    -0.177670613,
    0.250449151,
    0.2017883,
    -0.226103872,
    0.418928623,
    -0.191230923,
    0.172638729,
    -0.196361855,
    0.198459864,
    0.3211214,
    0.0404540226,
    0.261879474,
    0.168422759,
    0.002937245,
    0.279155135,
    -0.209906518,
    -0.133937955,
    0.2860645,
    0.501744449,
    0.133820757,
    -0.175412178,
    0.732152,
    -0.287132621,
    0.112640336,
    0.344707251,
    -0.2963731,
    -0.28352344,
    -0.2871498,
    0.194481149,
    0.159727529,
    0.131075963,
    0.2045776,
    -0.3751881,
    -0.22134991,
    -0.748849154,
    0.1566272,
    -0.0897598,
    -0.118841529,
    0.0396986045,
    -0.187797114,
    0.209298581,
    0.140086025,
    0.109108694,
    0.114538372,
    0.104639888,
    0.0919509158,
    0.3946351,
    0.0193120781,
    0.119973265,
    0.373951316,
    0.457205534,
    0.0120244417,
    -0.401348144,
    -0.27578035
  ],
  [
    0.329142779,
    0.291322976,
    -0.05396135,
    -0.0324193351,
    -0.0579205267,
    -0.1207652,
    -0.14465417,
    -0.103504568,
    0.00452983147,
    -0.2755621,
    -0.218185157,
    -0.118569806,
    -0.0541367345,
    -0.3477016,
    0.0382945426,
    0.0974203348,
    0.221246272,
    -0.17890954,
    0.278676569,
    -0.02736601,
    0.046238102,
    -0.133291349,
    -0.310198873,
    0.16362603,
    0.0866407454,
    -0.0802798942,
    -0.210822091,
    -0.2281812,
    -0.105306514,
    -0.0925984755,
    0.117228955,
    0.1554848,
    -0.2846711,
    0.005701895,
    -0.0234613344,
    -0.0103196288,
    0.373921424,
    0.2091846,
    0.00141743908,
    0.274059832,
    0.06668314,
    0.0990665257,
    -0.124597542,
    0.008060876,
    0.03754941,
    0.2594736,
    -0.133758843,
    -0.20951657,
    -0.165486127,
    -0.00281476858,
    -0.183329761,
    0.09802021,
    0.184548065,
    -0.04326555,
    -0.013110579,
    0.09183052,
    0.196757063,
    -0.300288439,
    -0.208747536,
    -0.07917862,
    0.0799352,
    0.247857958,
    0.343349844,
    -0.007907616
  ],
  [
    0.0690504,
    -0.304520041,
    0.229208231,
    -0.336912,
    0.08157693,
    -0.3652779,
    0.172632873,
    -0.0323281921,
    -0.120660171,
    -0.0353837758,
    0.102646887,
    0.0317491256,
    -0.00792104,
    -0.291989744,
    -0.277297884,
    0.06489303,
    0.388136268,
    0.274382949,
    0.226653531,
    -0.07944983,
    -0.0238201339,
    -0.108291619,
    0.280185819,
    0.0190648288,
    -0.09726736,
    -0.0133918254,
    -0.4726116,
    0.0249242149,
    0.381893456,
    0.344085783,
    0.142376527,
    0.294167,
    -0.4344665,
    0.285829335,
    -0.0736183748,
    -0.161971509,
    0.298637658,
    -0.120928764,
    -0.122289591,
    -0.440960318,
    0.149992943,
    0.319683522,
    -0.259276658,
    0.06724482,
    -0.0214147121,
    -0.204521939,
    0.427800745,
    -0.221774846,
    -0.05212743,
    -0.05219297,
    0.255974025,
    -0.263095915,
    -0.00225759624,
    -0.160024151,
    -0.222392142,
    0.0273125414,
    0.345484823,
    -0.338071048,
    0.06105191,
    -0.1443788,
    -0.0257800836,
    0.05429378,
    -0.443302751,
    0.009965898
  ],
  [
    -0.111808777,
    -0.230426535,
    -0.2331202,
    0.238190874,
    -0.168735951,
    -0.007145853,
    0.107587263,
    0.2334705,
    -0.0199929029,
    -0.195507735,
    -0.144494146,
    -0.3709453,
    0.4528072,
    0.177939415,
    -0.368853748,
    0.06897771,
    -0.07915726,
    0.177638486,
    0.293051571,
    0.326061964,
    0.2465776,
    0.1856472,
    -0.149759218,
    0.0364143625,
    0.4601244,
    0.343492538,
    -0.134562865,
    -0.31972,
    -0.117906965,
    0.352226645,
    -0.215944484,
    -0.2865659,
    0.235075608,
    0.412437946,
    0.195271969,
    0.0528283864,
    -0.07187042,
    0.646498144,
    -0.04618013,
    -0.140938029,
    0.235335544,
    0.127827525,
    0.024260398,
    0.2717271,
    -0.0115542766,
    0.316147149,
    0.409279674,
    -0.3361508,
    -0.08994991,
    -0.14211981,
    -0.2727052,
    0.224507451,
    -0.241973624,
    0.03221666,
    0.173368558,
    0.222398862,
    0.2176083,
    -0.163987353,
    0.11375539,
    0.2552049,
    -0.259823978,
    -0.285724,
    0.5061142,
    0.3711765
  ],
  [
    -0.05403484,
    0.228168249,
    -0.4763244,
    0.123918414,
    -0.229974985,
    -0.175607115,
    0.07112637,
    -0.180183426,
    -0.1603053,
    0.108107984,
    0.007179969,
    -0.09331424,
    0.4801139,
    -0.401990771,
    -0.183378637,
    0.09515266,
    0.1506913,
    0.00130438688,
    -0.386248976,
    0.07523959,
    -0.202432722,
    -0.0309158061,
    -0.0166814,
    -0.153546408,
    -0.139659658,
    0.082083635,
    -0.0906886,
    -0.13913545,
    -0.2457225,
    -0.044154834,
    -0.226756424,
    -0.383428663,
    0.284151852,
    -0.175760314,
    0.356320262,
    0.2028648,
    0.0635113,
    0.335593969,
    0.160953775,
    -0.296293825,
    -0.05573794,
    0.133466676,
    0.37113744,
    -0.1702362,
    0.552429736,
    -0.175381646,
    0.2897011,
    0.135292649,
    -0.1875142,
    0.10745614,
    0.119042441,
    -0.08412324,
    -0.0364229865,
    -0.07239997,
    -0.104268223,
    -0.0641455054,
    -0.186113119,
    -0.269020051,
    0.0549660176,
    -0.553796947,
    -0.060386356,
    -0.3099198,
    0.760715067,
    0.183467284
  ],
  [
    0.143430308,
    -0.176599488,
    0.07610862,
    -0.09098174,
    0.2809668,
    -0.125804424,
    0.0160428323,
    0.00366426585,
    0.280626774,
    0.253356636,
    -0.205112323,
    0.308427155,
    0.08754985,
    0.21872437,
    0.249037325,
    0.350661755,
    -0.234371662,
    -0.5345323,
    0.3417898,
    -0.127711162,
    -0.03036175,
    0.00457184855,
    -0.03598879,
    -0.138846338,
    -0.2868361,
    -0.1507469,
    -0.180090174,
    0.314064354,
    -0.118326791,
    -0.265957534,
    0.229920566,
    0.1749262,
    0.103866085,
    -0.509287,
    0.166187137,
    -0.217783958,
    -0.00488133868,
    -0.07636453,
    -0.15233852,
    -0.08513882,
    -0.172373444,
    0.00738205,
    -0.112628073,
    -0.478234649,
    -0.07550502,
    0.209957153,
    -0.4005125,
    0.039649915,
    -0.04180555,
    0.3285024,
    0.143716127,
    -0.19931446,
    0.306868821,
    0.07862973,
    0.168570429,
    -0.1441581,
    -0.0437325239,
    0.285629272,
    -0.15973413,
    -0.2888801,
    0.04528991,
    0.4465344,
    0.07254533,
    0.1338368
  ],
  [
    -0.338477522,
    0.289110929,
    -0.291984677,
    0.2221352,
    0.02030291,
    -0.207480118,
    0.3877567,
    -0.08967687,
    0.161946654,
    -0.356309175,
    -0.280596823,
    -0.02317991,
    0.6070035,
    -0.246562958,
    0.413796633,
    -0.182415456,
    0.060729336,
    0.03769785,
    -0.342340738,
    -0.02108448,
    -0.07090035,
    -0.0443525426,
    0.4519896,
    0.107195728,
    -0.0161522478,
    -0.396007627,
    0.344491124,
    -0.191896424,
    0.305125326,
    0.125218555,
    0.0850298,
    -0.00135458494,
    0.130439341,
    -0.383554548,
    -0.497084022,
    -0.0208378136,
    -0.195881873,
    -0.1941043,
    0.0402157381,
    0.172205552,
    0.0685613,
    0.05120589,
    0.168549031,
    0.09844173,
    -0.09827106,
    0.0135452915,
    0.179960862,
    0.0433319137,
    0.0200348459,
    0.006122501,
    -0.1317428,
    -0.1387314,
    0.0340214223,
    0.7276639,
    0.3887508,
    0.192629367,
    0.103244685,
    -0.355217934,
    0.00453379424,
    -0.124560341,
    0.12016774,
    -0.31030637,
    0.0368107,
    0.248088643
  ],
  [
    0.239124119,
    0.219306543,
    0.123566128,
    0.160084456,
    -0.257871151,
    0.15783295,
    0.134993121,
    -0.273059934,
    -0.133581847,
    -0.210980281,
    -0.122974232,
    0.116719313,
    -0.177686617,
    0.09006137,
    0.1811801,
    0.212706253,
    0.04391605,
    0.105702288,
    0.35869804,
    0.240258187,
    -0.0312752463,
    0.148381114,
    -0.0150782429,
    0.05072518,
    -0.17687799,
    0.1999214,
    -0.0111918,
    0.174725369,
    -0.229047984,
    0.23928605,
    0.401896745,
    -0.0443750173,
    -0.255767077,
    -0.124081425,
    0.246094048,
    0.123575337,
    0.173262119,
    0.06871844,
    -0.158808917,
    -0.06876723,
    -0.00262609147,
    0.07628384,
    -0.3001442,
    0.114544407,
    -0.267626822,
    0.353925645,
    0.137010559,
    0.101878546,
    -0.2238601,
    0.2988016,
    0.0495991856,
    0.153464422,
    -0.2110278,
    0.0612721369,
    -0.286963254,
    0.07728545,
    0.08230607,
    -0.292404115,
    0.139578447,
    -0.134478018,
    -0.0328773335,
    0.1315722,
    0.313161939,
    -0.229829237
  ],
  [
    0.226079777,
    0.227917835,
    0.195006162,
    0.202101141,
    -0.028417334,
    0.0458021946,
    0.1759454,
    -0.200066283,
    -0.2685888,
    -0.0880130753,
    -0.225839376,
    -0.375846118,
    0.221261039,
    0.117789932,
    -0.18917118,
    0.346749842,
    0.1137986,
    -0.107356511,
    0.255181223,
    0.237460762,
    0.008279181,
    -0.0344243534,
    0.0402909219,
    0.0616174266,
    -0.297965676,
    0.11567422,
    -0.207189217,
    0.1354011,
    -0.0986075252,
    0.105381057,
    0.228355542,
    0.254582763,
    -0.348258823,
    -0.3191504,
    0.1481121,
    -0.188157037,
    -0.0171189159,
    0.09284223,
    -0.107084982,
    -0.1889927,
    -0.184966609,
    0.08883568,
    -0.0624569654,
    -0.06955869,
    -0.141973153,
    0.180062518,
    0.295944542,
    0.111397758,
    -0.2687399,
    0.0614284649,
    0.208613321,
    -0.0582243465,
    -0.192291692,
    0.237645045,
    -0.305292666,
    0.132410973,
    -0.0794155151,
    -0.309554875,
    0.182206586,
    -0.076047264,
    -0.237580776,
    0.07991713,
    -0.239999712,
    0.172702149
  ],
  [
    -0.134603709,
    -0.103040271,
    -0.266135573,
    -0.294676632,
    -0.2620507,
    0.336645752,
    0.1664589,
    -0.227764815,
    -0.000704416831,
    -0.07999057,
    -0.208021417,
    -0.262764573,
    0.2734105,
    -0.3019817,
    -0.0442180671,
    0.264353633,
    0.14361462,
    -0.322976381,
    0.06780992,
    0.0121450359,
    0.0752473,
    0.191871732,
    -0.008620429,
    -0.212585047,
    0.0119495895,
    0.06938965,
    -0.102608584,
    -0.232977346,
    -0.2490403,
    0.1838765,
    0.306097776,
    0.22210446,
    -0.03866615,
    -0.108785316,
    0.1719957,
    0.00158533978,
    0.330322981,
    -0.3134095,
    -0.227790758,
    -0.06763991,
    0.169830576,
    -0.1264775,
    -0.137297273,
    -0.206448346,
    -0.1566194,
    -0.177646622,
    0.127141491,
    -0.201560035,
    -0.189935133,
    0.115107693,
    0.150398642,
    0.0974011943,
    -0.152941808,
    -0.168847352,
    -0.156932861,
    0.156685457,
    0.154768139,
    -0.2840078,
    -0.08490758,
    -0.298028082,
    -0.1890045,
    0.152147263,
    0.2761774,
    0.186635986
  ],
  [
    0.245586231,
    -0.08327712,
    -0.21960251,
    -0.281701148,
    -0.17425482,
    0.008024722,
    0.300723732,
    -0.2247432,
    0.0161346849,
    -0.115325958,
    -0.141142979,
    -0.0688435361,
    0.2038743,
    -0.418384135,
    -0.019277934,
    -0.115539551,
    0.127420291,
    -0.200128913,
    0.297326475,
    -0.0484642722,
    0.111595996,
    0.3774962,
    0.0102449851,
    0.215496615,
    0.03846685,
    0.209526956,
    -0.2776719,
    -0.167464614,
    -0.2994724,
    0.08902528,
    0.20013167,
    -0.046969153,
    -0.3019661,
    -0.111054055,
    0.112885319,
    0.100179732,
    0.103338763,
    -0.180904061,
    -0.0005470334,
    0.178295121,
    0.139098629,
    0.0599901862,
    -0.2154957,
    0.0186155532,
    0.129045144,
    0.146727726,
    0.193342552,
    -0.034083765,
    -0.185382158,
    0.08020025,
    -0.1613532,
    0.06450656,
    -0.0004070895,
    0.07802272,
    -0.0611186363,
    0.08583572,
    0.177792862,
    -0.0358638763,
    0.1490423,
    0.08698251,
    -0.07356129,
    0.113248467,
    0.217328385,
    -0.209976315
  ],
  [
    0.198981658,
    -0.152139619,
    -0.141665742,
    0.252754718,
    -0.482742459,
    -0.2766148,
    0.04595928,
    0.111644134,
    -0.346600056,
    0.116112605,
    -0.117841706,
    -0.0155939842,
    0.100478128,
    -0.1417909,
    -0.121609986,
    -0.284012049,
    0.5855004,
    0.643992841,
    -0.0760975,
    -0.188055426,
    0.417975426,
    -0.03550643,
    -0.233209908,
    -0.227514535,
    0.3091422,
    0.385082752,
    -0.05905163,
    0.128690541,
    0.04525119,
    0.245705858,
    -0.09959557,
    -0.324997425,
    0.1594596,
    0.512690842,
    0.106666848,
    0.226454884,
    0.141584828,
    -0.0034415836,
    -0.237546951,
    -0.06201245,
    0.406884134,
    0.184175983,
    0.00463259872,
    0.06976257,
    0.352978021,
    0.260646045,
    0.5422777,
    0.152231172,
    0.0131536322,
    -0.227650791,
    0.4010283,
    -0.012921812,
    -0.03195673,
    -0.449751258,
    -0.309956819,
    -0.4540944,
    -0.03067782,
    -0.104956359,
    0.109630249,
    0.0477026142,
    -0.223009825,
    -0.003405191,
    -0.275613785,
    0.0153717687
  ],
  [
    -0.211846456,
    0.0828675553,
    -0.290438,
    -0.111052133,
    -0.07621256,
    -0.120554991,
    -0.008201512,
    0.3300956,
    0.35625875,
    -0.126216516,
    0.0204617418,
    -0.137917921,
    0.3893024,
    0.358748943,
    -0.102328874,
    0.186120957,
    -0.3119678,
    -0.03653687,
    0.2303833,
    0.428629279,
    0.07611132,
    0.110511206,
    0.2772431,
    0.2897935,
    -0.175318941,
    -0.05197585,
    -0.3643265,
    -0.111233428,
    -0.261125058,
    -0.190094918,
    -0.113274574,
    -0.08665472,
    0.06911398,
    -0.0530383177,
    -0.06611814,
    0.0369655266,
    -0.1269591,
    0.161694661,
    0.106641911,
    0.215740964,
    -0.003967204,
    0.0374402441,
    0.133286372,
    0.113628037,
    -0.12493863,
    0.239001751,
    -0.076591894,
    -0.153533578,
    -0.006936425,
    0.312327057,
    -0.12191125,
    0.102554157,
    -0.3510364,
    -0.08614968,
    0.154720575,
    -0.387375355,
    0.06264754,
    0.239216551,
    -0.0264002047,
    -0.159378216,
    -0.108953021,
    -0.243236914,
    0.08125534,
    -0.116465852
  ],
  [
    -0.119522691,
    0.196126387,
    0.486630529,
    -0.158399135,
    -0.08177663,
    -0.4737595,
    0.08022204,
    -0.212553218,
    0.4370246,
    -0.381148934,
    -0.381843716,
    -0.281567127,
    0.26189667,
    -0.374596477,
    0.3077285,
    -0.035838,
    0.112794407,
    -0.381658316,
    0.2431939,
    0.263574451,
    0.404913068,
    0.3006891,
    0.110355973,
    -0.1734582,
    0.111564241,
    -0.188570365,
    0.322973162,
    -0.245481908,
    -0.174104229,
    -0.111099549,
    -0.2229231,
    -0.0521256477,
    -0.08666575,
    0.216692969,
    -0.004372847,
    -0.143112138,
    -0.247901931,
    0.0938926,
    0.1318124,
    0.40401122,
    0.228940055,
    0.206791192,
    0.007913736,
    0.1745983,
    -0.661315143,
    0.241232634,
    0.20936434,
    -0.0100425789,
    0.2525329,
    -0.2289954,
    0.0114440741,
    0.2434184,
    -0.208040565,
    -0.149896577,
    0.48136425,
    0.0851197243,
    0.7288848,
    -0.226612374,
    -0.112438776,
    0.252696455,
    0.06723214,
    -0.4448376,
    0.09490377,
    0.22961311
  ],
  [
    -0.215040073,
    -0.297988474,
    0.185086459,
    -0.178747579,
    0.206779346,
    -0.113561034,
    0.141588375,
    -0.230274841,
    -0.210629046,
    -0.0174783375,
    0.269243866,
    -0.06614724,
    -0.1542683,
    -0.248461142,
    -0.0223936085,
    -0.07094048,
    0.0953031,
    0.0167074222,
    -0.1837565,
    -0.0921662748,
    -0.122533306,
    -0.317572951,
    0.0610358156,
    -0.0446544029,
    0.179512575,
    0.158468068,
    0.141872525,
    -0.236778513,
    -0.08427983,
    -0.384932935,
    0.138139769,
    -0.0592598543,
    -0.001978315,
    -0.0830784962,
    -0.2229498,
    -0.109191395,
    0.0517020226,
    0.09184619,
    -0.154257581,
    -0.396373034,
    0.0258570444,
    0.05287895,
    -0.09541796,
    0.3416814,
    -0.166982859,
    -0.565475941,
    0.266649634,
    0.119705871,
    0.284508,
    -0.146171987,
    0.176451385,
    -0.06720216,
    0.0332083739,
    0.331096739,
    0.121280581,
    0.03140882,
    -0.021046279,
    -0.261873245,
    0.09561482,
    0.04966856,
    -0.19464007,
    -0.260435283,
    -0.261415631,
    -0.196913525
  ],
  [
    0.234808043,
    -0.079891406,
    0.125892833,
    -0.147865355,
    -0.211748481,
    -0.143535942,
    -0.11813724,
    -0.21559605,
    0.210755378,
    0.0483765267,
    -0.176162019,
    -0.318060637,
    0.1831583,
    -0.354794145,
    0.0544034876,
    0.240275413,
    -0.185648829,
    -0.149349928,
    -0.05193944,
    0.294253051,
    -0.0407539234,
    0.200977176,
    0.229862988,
    -0.00441585574,
    -0.118059307,
    0.09739305,
    -0.07451855,
    0.0209843181,
    -0.163488612,
    0.24212949,
    0.2668152,
    0.07543506,
    -0.24209784,
    -0.253353864,
    0.104367204,
    -0.0403065644,
    0.308746725,
    -0.10898222,
    -0.0372723974,
    -0.137261555,
    -0.111501083,
    0.164624855,
    -0.166150436,
    -0.238086879,
    -0.0596759059,
    0.28609103,
    -0.07902266,
    0.077936016,
    -0.0972227752,
    -0.210732818,
    -0.156884953,
    0.03791066,
    0.187633321,
    -0.0126383565,
    -0.1490363,
    -0.0603938736,
    0.196038455,
    -0.189030766,
    -0.320124567,
    -0.046190396,
    -0.233086213,
    0.007514138,
    0.309351265,
    -0.126238346
  ],
  [
    0.0725990757,
    0.03930292,
    0.09700444,
    0.244894624,
    -0.13492161,
    0.03930491,
    -0.146861777,
    0.0730893537,
    -0.227447093,
    -0.207852855,
    -0.046357885,
    -0.155936182,
    0.250996083,
    -0.280453533,
    0.2017336,
    0.266850084,
    0.08241641,
    -0.2620994,
    0.255856723,
    -0.07508455,
    -0.0724669248,
    0.300222427,
    0.0148830665,
    0.143005654,
    -0.0758129,
    0.190072536,
    0.05358946,
    -0.0319788866,
    0.200143427,
    -0.0663948655,
    0.176495671,
    -0.108396061,
    0.0372424237,
    0.133951128,
    0.112660155,
    0.1367532,
    0.3832675,
    -0.232498676,
    0.0375125222,
    -0.199317187,
    0.380723774,
    0.09117436,
    -0.1912163,
    0.239653677,
    0.149144858,
    0.2440999,
    -0.181417346,
    -0.086583294,
    0.227800414,
    0.214364171,
    0.0928400457,
    -0.0193261988,
    -0.117817432,
    -0.113760605,
    -0.220953166,
    0.05256678,
    0.06492151,
    -0.07933883,
    0.141993478,
    0.0302263871,
    -0.23745802,
    0.110287957,
    0.0612874664,
    -0.159766659
  ],
  [
    -0.1897723,
    0.153798774,
    0.236305982,
    -0.365196168,
    0.12715216,
    -0.253447115,
    0.056800507,
    0.112388112,
    0.30602175,
    -0.0404349752,
    -0.1237101,
    0.0130282147,
    -0.286263347,
    0.31633082,
    0.257309079,
    0.269296,
    -0.2781945,
    -0.16265063,
    0.241791233,
    0.500763237,
    -0.01564088,
    0.173283279,
    -0.09466065,
    0.0236233454,
    -0.242989644,
    0.2995195,
    -0.29959023,
    0.0490195677,
    -0.233500078,
    -0.365186244,
    -0.188020721,
    0.256404638,
    -0.00444695028,
    -0.23712106,
    0.314663559,
    0.185235262,
    -0.519156337,
    0.208807215,
    0.22847791,
    -0.03445021,
    0.0409737527,
    0.284506738,
    -0.130622119,
    -0.339018047,
    -0.03974291,
    0.279862165,
    -0.244804412,
    -0.1424916,
    -0.109066233,
    0.33275035,
    0.07661787,
    0.2960332,
    -0.00431682356,
    -0.330921531,
    -0.07237768,
    0.274197221,
    0.1747349,
    0.306775,
    -0.0107400194,
    0.00245523849,
    -0.0347646438,
    0.00559224654,
    -0.20673722,
    0.362430274
  ],
  [
    -0.124031894,
    -0.0124277631,
    0.246815071,
    0.218791217,
    -0.179128587,
    0.09197514,
    0.0942114,
    -0.202757478,
    -0.1595502,
    -0.06487612,
    0.348955542,
    -0.309952468,
    0.322581559,
    0.29666844,
    -0.0947288945,
    -0.33366695,
    -0.118006863,
    0.297836244,
    -0.2824239,
    -0.3798355,
    0.1799609,
    0.1526571,
    0.139840692,
    -0.0352056623,
    -0.122942507,
    0.0732918158,
    0.008787959,
    0.11518193,
    0.156345531,
    -0.00913873,
    0.190459535,
    0.0126285208,
    0.120514669,
    -0.003942257,
    0.009855281,
    0.1381683,
    0.12818715,
    0.103667356,
    -0.0061333403,
    -0.111010209,
    0.0199365988,
    0.0884431452,
    -0.125304833,
    -0.16138424,
    -0.0252092257,
    0.041509632,
    -0.150657564,
    -0.2487528,
    -0.0559723377,
    0.103790656,
    -0.10537608,
    0.0547510646,
    0.348811656,
    -0.0114582414,
    -0.261081,
    0.08815524,
    -0.3010403,
    0.248572171,
    0.459531128,
    -0.331439853,
    0.107623041,
    0.204455093,
    0.234936729,
    0.238115
  ],
  [
    -0.216315314,
    -0.05505539,
    -0.25201717,
    0.0484304428,
    0.370069265,
    -0.153864622,
    -0.160425991,
    0.0500905253,
    0.08734726,
    -0.0613826662,
    -0.227605328,
    -0.139086291,
    0.197409615,
    -0.115025908,
    0.193664849,
    0.110691294,
    -0.189036116,
    0.215263054,
    0.132637247,
    0.23733072,
    -0.08115727,
    0.187526733,
    -0.277879417,
    -0.0344865657,
    -0.177140191,
    -0.09129913,
    -0.182014108,
    -0.104742505,
    0.08909754,
    0.120476618,
    -0.244167179,
    -0.524622262,
    -0.02263813,
    -0.00174548093,
    -0.119137652,
    0.414776742,
    -0.256829321,
    0.20467554,
    -0.103655793,
    -0.491141826,
    0.198044226,
    -0.375935733,
    0.151830226,
    0.199492857,
    0.231853351,
    -0.106675625,
    0.279482454,
    -0.06747644,
    -0.173202381,
    0.166579172,
    0.06249966,
    0.189817935,
    -0.177921742,
    0.07757928,
    0.1291626,
    0.0901917443,
    0.08665732,
    -0.196464583,
    -0.07002181,
    -0.0627232641,
    -0.04902066,
    -0.000803866,
    0.476362675,
    0.2854266
  ],
  [
    -0.116254814,
    0.158062637,
    0.14009203,
    0.166151583,
    -0.159965709,
    0.2655007,
    0.180288926,
    0.241364211,
    0.1371979,
    -0.37873134,
    0.101959556,
    0.31639868,
    0.4899971,
    -0.1642238,
    0.218483746,
    -0.249044627,
    0.422452569,
    0.113545679,
    0.193265617,
    -0.318357557,
    -0.2622111,
    0.119240791,
    0.05639788,
    0.245553583,
    0.0465001,
    -0.2777599,
    -0.03889213,
    0.106138751,
    0.2822397,
    0.543752849,
    -0.05884011,
    0.382118821,
    -0.3109837,
    -0.253630966,
    0.303924561,
    -0.159929529,
    -0.218089089,
    -0.156801581,
    0.260064483,
    0.02022136,
    0.016903339,
    0.423383981,
    -0.290630579,
    -0.0739799961,
    0.07532299,
    -0.24680388,
    0.101087466,
    -0.337355435,
    -0.06326222,
    -0.175951988,
    0.240897521,
    0.006018415,
    0.28136304,
    0.5179278,
    -0.008652903,
    -0.38629204,
    -0.06946907,
    -0.159465864,
    0.199382067,
    -0.209969923,
    0.289154559,
    -0.155065775,
    -0.218493477,
    -0.163128927
  ],
  [
    -0.258332074,
    0.277374417,
    -0.194174826,
    -0.160137415,
    0.257972866,
    -0.2190876,
    0.286475658,
    -0.09975537,
    0.194502756,
    -0.0264347587,
    -0.05958294,
    0.122084528,
    -0.07445046,
    -0.10410703,
    0.312703252,
    0.293972343,
    0.03323527,
    -0.02281073,
    0.0774867,
    0.3463971,
    0.115988232,
    0.203334123,
    0.0377086475,
    0.176931649,
    -0.457672358,
    -0.233189419,
    -0.453956872,
    -0.04849044,
    -0.204564974,
    -0.1914935,
    -0.376287818,
    0.190648273,
    -0.08158358,
    -0.158504143,
    0.336452127,
    0.109519914,
    -0.280388,
    -0.320956558,
    0.198750392,
    -0.205091715,
    -0.14950566,
    -0.0128831761,
    0.312189758,
    0.1795791,
    0.02055284,
    -0.08377962,
    -0.08682146,
    0.120197669,
    0.165046409,
    0.180416375,
    0.1476724,
    -0.211657792,
    -0.583941638,
    -0.0934073,
    -0.237276956,
    -0.387291074,
    -0.160124078,
    -0.285125732,
    -0.2577767,
    -0.0189283341,
    0.131456137,
    -0.3990122,
    -0.06718334,
    -0.09660321
  ],
  [
    0.301664174,
    0.2171971,
    -0.175286189,
    0.256402016,
    -0.435908377,
    0.128419116,
    -0.00959512,
    -0.181973279,
    0.321973115,
    0.29535827,
    0.323594,
    -0.245168522,
    0.0504692271,
    0.2047883,
    -0.17988272,
    0.263043255,
    0.05243739,
    0.2697192,
    -0.0886406451,
    0.5122562,
    0.0710266158,
    -0.124046206,
    0.107535258,
    0.0627006,
    -0.2967219,
    -0.0133502856,
    -0.422278166,
    -0.216311485,
    0.21488288,
    -0.310150325,
    -0.131171361,
    -0.315579027,
    -0.143389225,
    0.120595358,
    -0.00510360347,
    0.263520122,
    -0.243312582,
    0.1286547,
    -0.332476228,
    0.03839247,
    0.0377841368,
    0.115556538,
    -0.006618344,
    0.1837859,
    -0.0135104284,
    -0.09181683,
    0.4589107,
    -0.05752617,
    0.00353005063,
    -0.2883657,
    0.127497986,
    -0.0276535414,
    -0.5473048,
    0.05177151,
    -0.113122754,
    0.03313997,
    -0.196409509,
    -0.156188,
    -0.04981454,
    -0.0296025611,
    -0.0675053746,
    -0.0576022975,
    0.0620552376,
    -0.184183881
  ],
  [
    0.138688311,
    0.146023184,
    -0.249188185,
    -0.1966364,
    0.08380071,
    0.155651912,
    0.0429637767,
    0.09570583,
    -0.1964582,
    0.0444609635,
    0.04667261,
    -0.198409528,
    0.206671581,
    -0.413753629,
    0.0126217958,
    0.29471752,
    0.283023417,
    -0.08083468,
    0.112659827,
    0.08970698,
    -0.03821159,
    0.0374070369,
    -0.02692193,
    -0.1041044,
    -0.300161481,
    0.135713667,
    -0.275654435,
    0.177263409,
    -0.165178359,
    0.25379318,
    0.3245894,
    -0.20415388,
    -0.0125673674,
    -0.068908155,
    0.204412654,
    -0.1196,
    0.334389836,
    0.0206307452,
    -0.3597639,
    0.0292544719,
    -0.143364251,
    0.1412515,
    -0.277177244,
    0.11246004,
    -0.326994866,
    0.334897548,
    0.0866317749,
    -0.161224142,
    0.219214708,
    0.183293387,
    -0.09553403,
    0.09644767,
    -0.217731744,
    -0.115565814,
    0.04673482,
    0.0475512967,
    0.0985844359,
    0.0140952906,
    -0.124142788,
    -0.1638867,
    -0.0929031149,
    -0.0532783531,
    0.226580143,
    0.09944741
  ],
  [
    0.009215709,
    0.0265645888,
    0.06103921,
    0.003576602,
    -0.05517669,
    0.09136345,
    0.191627473,
    -0.135159224,
    -0.026339516,
    0.08775853,
    -0.291946024,
    -0.272485346,
    0.07238295,
    -0.269386619,
    0.1698757,
    0.0306990836,
    0.292966068,
    -0.331740081,
    0.0315819867,
    0.2500344,
    -0.0633406341,
    0.09321188,
    0.004358587,
    0.230116174,
    0.123469338,
    0.2848092,
    -0.280041635,
    0.07795605,
    -0.0684337839,
    0.24129495,
    -0.06306442,
    0.07113846,
    -0.07885766,
    -0.13127993,
    0.189409956,
    -0.3814594,
    0.190032542,
    0.182323456,
    -0.0335581861,
    -0.210292846,
    0.100433692,
    0.241979331,
    0.259145856,
    0.1968367,
    0.06834594,
    -0.07788131,
    -0.154817209,
    0.170527652,
    -0.1430003,
    0.107891709,
    0.1216363,
    -0.2690134,
    0.03112292,
    0.04200017,
    -0.250694722,
    0.00360533618,
    0.0153322546,
    0.07616354,
    0.161366671,
    -0.133590251,
    -0.0907254,
    0.317322433,
    0.128254071,
    0.06401102
  ],
  [
    -0.268918216,
    0.2224462,
    -0.07245159,
    -0.040870212,
    0.477971017,
    -0.4354865,
    0.0461976863,
    -0.534528852,
    -0.118744329,
    -0.04754375,
    -0.1469239,
    0.176934868,
    0.234899044,
    -0.1234538,
    0.293293178,
    0.13167575,
    -0.159448162,
    0.0155643579,
    -0.13064909,
    -0.0334833041,
    -0.310022831,
    0.299213469,
    -0.0747331,
    -0.115481824,
    -0.152363285,
    -0.0399872549,
    0.136854291,
    -0.241998851,
    -0.158709943,
    -0.430379719,
    0.357236236,
    -0.3071107,
    -0.04245575,
    0.08720665,
    -0.32080555,
    0.106820792,
    0.149649814,
    0.235785156,
    0.145094767,
    0.06365718,
    0.208036453,
    -0.462228417,
    -0.2699351,
    -0.0886937,
    -0.498815328,
    0.261512727,
    -0.1313642,
    0.312153935,
    -0.07861751,
    0.396893173,
    0.0670821443,
    -0.36006248,
    0.0183400363,
    0.0191448014,
    0.106447764,
    0.158394948,
    0.394820839,
    -0.428866059,
    0.042882435,
    -0.141440511,
    0.102403879,
    -0.183794335,
    0.259809345,
    0.143119648
  ],
  [
    -0.19768174,
    0.28056702,
    -0.102315567,
    0.250417024,
    -0.5257048,
    -0.2796376,
    -0.204822689,
    0.156024367,
    -0.1601611,
    -0.268906653,
    0.149339229,
    0.272663951,
    0.187478632,
    0.0521352,
    -0.181233838,
    -0.02670855,
    0.11109677,
    0.116930224,
    0.189633057,
    0.159541965,
    0.0871415138,
    0.378418237,
    0.224840149,
    -0.416301429,
    -0.213890165,
    -0.210790232,
    0.213623717,
    -0.046924,
    -0.182623714,
    0.20073466,
    -0.190396965,
    -0.177289978,
    0.317710936,
    -0.271548539,
    0.0130875316,
    -0.1522196,
    -0.180361316,
    0.168884709,
    0.09864258,
    -0.135950819,
    0.0362279043,
    0.1064512,
    0.135559961,
    -0.233955115,
    -0.0506078,
    -0.0682695,
    0.456326872,
    0.384948581,
    0.0971718654,
    0.258441985,
    0.05425189,
    -0.265100271,
    -0.07241143,
    -0.06298793,
    -0.2625501,
    -0.2626886,
    -0.205455571,
    0.207659289,
    0.172168255,
    -0.3011596,
    0.1558958,
    0.08583149,
    0.0318229757,
    -0.179293349
  ],
  [
    0.151799977,
    0.4163169,
    -0.462566733,
    0.001681362,
    -0.168187991,
    0.0163010936,
    0.3375662,
    -0.4236979,
    0.4394289,
    0.150527745,
    0.0139696412,
    -0.057231687,
    0.03331908,
    0.180965722,
    0.0360546038,
    0.156875357,
    -0.08594619,
    0.173299775,
    0.03694847,
    -0.0472810455,
    -0.286265939,
    -0.135858133,
    0.4194981,
    0.08219975,
    -0.681059361,
    -0.102224164,
    0.203340411,
    -0.254082173,
    0.0739021,
    -0.413937837,
    0.07822544,
    -0.227618635,
    0.08086187,
    -0.09278587,
    0.128688961,
    0.4241579,
    0.0547857769,
    -0.61651355,
    -0.242533475,
    0.330304652,
    0.045916833,
    0.223959029,
    0.112528749,
    0.0482534245,
    0.211302638,
    -0.107030973,
    0.15558362,
    0.07071577,
    0.352478832,
    -0.461276472,
    0.264620245,
    -0.163523,
    -0.363710672,
    0.225215808,
    -0.241906479,
    -0.128216654,
    -0.408988237,
    -0.328784138,
    -0.282736421,
    -0.197270334,
    -0.18437852,
    0.121484354,
    0.0577012673,
    -0.169030443
  ],
  [
    0.0307613369,
    0.332072139,
    -0.03465827,
    -0.1832184,
    0.10442815,
    -0.0115799392,
    0.352841944,
    0.06813458,
    0.275266945,
    -0.108224824,
    -0.0584141873,
    -0.147938877,
    0.163741887,
    0.146902442,
    -0.120657466,
    -0.1571012,
    -0.27197805,
    0.2730854,
    -0.6309736,
    0.0399878919,
    -0.370349139,
    0.02128152,
    0.2598001,
    0.248412192,
    -0.474028379,
    0.278837949,
    -0.241984949,
    -0.06756208,
    0.292243,
    -0.3303465,
    0.09398773,
    0.285515577,
    -0.184649438,
    0.264980227,
    -0.288165778,
    0.226847738,
    -0.2938659,
    -0.2909832,
    -0.0690882,
    -0.133857846,
    0.3982871,
    0.210786879,
    -0.1806179,
    0.217567444,
    -0.2649323,
    -0.240060091,
    -0.357628,
    -0.215621561,
    -0.0345534943,
    -0.163209185,
    0.221006051,
    0.236017451,
    -0.2209476,
    0.152770549,
    -0.0611695535,
    0.14612703,
    0.238513544,
    -0.187624678,
    0.275184423,
    -0.0166755747,
    -0.06580391,
    -0.07980417,
    0.1028487,
    0.149101645
  ],
  [
    0.0232881289,
    -0.0483727045,
    0.00997206848,
    -0.153587684,
    0.0459145419,
    0.378090054,
    0.112672523,
    0.135960966,
    0.115093134,
    -0.198845267,
    -0.175767511,
    -0.2700762,
    0.250631571,
    0.157240227,
    -0.115736283,
    -0.102802463,
    -0.0176554583,
    0.201766178,
    0.056022957,
    -0.199515447,
    -0.21027039,
    -0.102770314,
    -0.08093807,
    0.464149475,
    0.0776649,
    -0.0275191776,
    -0.0009407838,
    0.342243373,
    0.250429183,
    0.168860346,
    0.0563766733,
    0.4016585,
    -0.08559269,
    -0.09202991,
    0.2560964,
    -0.222247526,
    -0.3546667,
    -0.3527589,
    0.258050144,
    -0.126787379,
    0.0322874822,
    0.223166764,
    -0.1078729,
    0.201479137,
    -0.161093086,
    -0.264029533,
    -0.4472367,
    -0.440351367,
    -0.07360629,
    -0.0304792058,
    0.15550971,
    0.353398353,
    0.312423944,
    0.454,
    0.21364443,
    0.003504158,
    0.3344043,
    0.180835709,
    0.448555142,
    0.127945691,
    0.09491158,
    0.224492341,
    -0.178360865,
    0.146982521
  ],
  [
    -0.364126146,
    0.206791371,
    -0.07733024,
    0.1649995,
    0.5025923,
    0.453282058,
    0.10917446,
    0.171504766,
    -0.06707771,
    -0.0463468656,
    0.157193244,
    -0.104040429,
    0.3570123,
    -0.468694985,
    0.17090705,
    -0.250375867,
    -0.174791515,
    -0.216196075,
    0.001641464,
    -0.0949325562,
    0.05453642,
    -0.08393816,
    0.194464058,
    0.0324217044,
    0.1612525,
    -0.5857673,
    0.5043078,
    0.003711647,
    0.102812029,
    -0.127520427,
    0.222595438,
    -0.168679819,
    0.224361867,
    -0.0018795206,
    -0.5301133,
    -0.211804911,
    -0.0289835539,
    -0.08485579,
    0.152602062,
    0.38681373,
    -0.181791976,
    -0.3174827,
    0.174005583,
    0.09608762,
    -0.2540028,
    0.002624285,
    -0.296287924,
    -0.1606922,
    0.3733911,
    -0.233616516,
    -0.4194901,
    -0.09550296,
    0.118661463,
    0.666481853,
    0.5018465,
    0.09303382,
    -0.06328258,
    -0.03306368,
    -0.03433739,
    0.06527518,
    0.4087031,
    0.0214349087,
    -0.179180175,
    -0.230788514
  ],
  [
    -0.160560727,
    -0.269747168,
    0.266416,
    -0.251639575,
    0.757710636,
    0.194596812,
    0.2213425,
    -0.0228473,
    0.20842512,
    0.06682831,
    0.0191571582,
    -0.163093626,
    -0.03886545,
    -0.503012359,
    0.03552353,
    0.0150295654,
    -0.328710139,
    0.064709425,
    0.05038119,
    -0.05111394,
    -0.119665548,
    0.0122461207,
    -0.0633693039,
    -0.07361455,
    -0.150156528,
    -0.116694562,
    0.329143882,
    0.20420076,
    0.310885876,
    -0.581207931,
    0.3454088,
    0.418014675,
    -0.0029642547,
    -0.05700798,
    -0.379987359,
    0.1346229,
    0.0220312215,
    -0.202151835,
    -0.212649852,
    -0.121954173,
    -0.102552906,
    -0.510827065,
    0.0156137329,
    0.08391564,
    0.1447651,
    -0.288377017,
    -0.308804721,
    0.007469172,
    -0.0433653221,
    -0.120926224,
    -0.142739058,
    -0.27080512,
    0.221114457,
    0.321278632,
    0.177939638,
    0.10417401,
    -0.08117861,
    -0.124117747,
    -0.206971228,
    0.03782123,
    0.0537085049,
    0.293871731,
    -0.361957937,
    0.0164550338
  ]
]