[
  0.013232247,
  0.011763379,
  -0.0559675731,
  0.07649925,
  0.015405776,
  0.06445831,
  0.07395274,
  -0.0896604061,
  0.018967662,
  0.008770916,
  -0.0144949444,
  -0.116979688,
  0.114889711,
  -0.0145244626,
  0.0348802768,
  0.07880663,
  -0.0694714561,
  -0.06895984,
  -0.09339323,
  -0.08619381,
  -0.0611320436,
  0.04802779,
  0.07363996,
  -0.07850043,
  -0.115124308,
  0.119673617,
  0.07097475,
  0.0247750953,
  0.074386,
  0.116772734,
  0.0767436549,
  0.0300092623,
  -0.07331917,
  0.06417419,
  -0.039228376,
  0.03453069,
  0.133860424,
  0.03838785,
  -0.0438866541,
  -0.06474012,
  0.0237456951,
  -0.0101114484,
  0.01387177,
  -0.04357223,
  -0.06714385,
  0.124029242,
  0.09792248,
  0.0006685155,
  -0.0523412526,
  0.08414812,
  -0.00449922262,
  -0.0005217427,
  -0.0363229364,
  0.162729368,
  -0.116290852,
  -0.0169926174,
  0.06887284,
  -0.10290233,
  0.1009813,
  0.06787359,
  -0.094271414,
  -0.0486300141,
  0.0221793819,
  -0.08120176
]