[
  [
    0.37976566,
    -0.177538261,
    0.0141356178,
    -0.81464,
    0.350769341,
    0.5852319,
    0.08225835,
    -0.56829524,
    -0.171944171,
    -0.5679529,
    -0.461910933,
    0.223668188,
    -0.3543322,
    0.4780568,
    -0.25059554,
    -0.617495239,
    -0.05989797,
    -0.122053735,
    0.185914353,
    -0.3577915,
    0.522554,
    0.189105719,
    -0.383352757,
    -0.260680318,
    -0.486078233,
    0.4745439,
    0.77317363,
    -0.0463292152,
    -0.4239868,
    -0.159435421,
    -0.6706289,
    -0.801329434
  ],
  [
    -0.8970475,
    -0.19626388,
    -0.604897141,
    0.3424177,
    0.08009466,
    0.238063768,
    -0.226615712,
    -0.229330048,
    -0.256472349,
    -0.6367035,
    -0.5059726,
    -0.335644275,
    0.185702056,
    -0.6404285,
    -0.469556451,
    -0.290137172,
    -0.12203224,
    0.622573555,
    0.488047719,
    -0.132814,
    -0.101856127,
    -0.6006287,
    0.00330875628,
    -0.246557415,
    -0.423401862,
    -0.142611772,
    -0.274407417,
    0.00379014481,
    0.141332075,
    0.509378731,
    -0.375793427,
    -0.56586504
  ],
  [
    -0.446024626,
    -0.2504821,
    0.597948849,
    0.487814784,
    0.751359463,
    -0.841734,
    -0.121650912,
    -0.457099378,
    -0.458921343,
    -0.298386872,
    -0.3710505,
    1.04959607,
    -0.00650021853,
    0.06693138,
    0.254615366,
    -0.5733893,
    -0.355440676,
    -0.3661149,
    0.04758579,
    0.683112,
    -0.4071242,
    0.04524712,
    0.04144773,
    -0.3559157,
    -0.255076468,
    0.3355847,
    0.285046,
    -0.136669636,
    0.6613237,
    -0.438756973,
    -0.741757154,
    -0.127550364
  ],
  [
    -0.525404334,
    -0.4806234,
    -0.610521,
    0.5161016,
    0.4899711,
    0.09262008,
    0.81481266,
    -0.208540589,
    -0.497895837,
    -0.565520167,
    -0.132758722,
    -0.712442636,
    0.599482954,
    0.594633758,
    -0.08860413,
    -0.08492788,
    -0.4555652,
    -0.281627029,
    0.0277875736,
    -0.07650641,
    -0.0348630436,
    0.102763735,
    0.4216614,
    -0.42912367,
    0.0012378206,
    -0.0559066,
    0.103328571,
    -0.162915483,
    -0.679777861,
    -0.827115536,
    1.10088921,
    -0.140536591
  ],
  [
    0.3697827,
    -0.443385541,
    -0.101835735,
    0.9037976,
    -0.205935538,
    0.5607646,
    -0.385601729,
    -0.650863469,
    -0.2606615,
    -0.621699631,
    -0.254890829,
    0.0263507217,
    -0.210588649,
    0.423182219,
    -0.3365577,
    -0.412092924,
    -0.0912858546,
    0.721385062,
    -0.292033821,
    0.159693241,
    -0.554153562,
    -0.112992123,
    -0.534129,
    -0.4664263,
    -0.284092426,
    0.877660155,
    -0.0588525571,
    -1.19712472,
    -0.5095152,
    0.1932398,
    -0.150437534,
    0.219105989
  ],
  [
    0.469228148,
    -0.5385002,
    0.251917064,
    -0.439703971,
    -0.204809472,
    -0.211070687,
    0.7270141,
    -0.0433475338,
    -0.218397275,
    -0.441410631,
    -0.283917964,
    -0.3843126,
    -0.3931278,
    -0.683541536,
    0.5410353,
    -0.357026339,
    -0.25605005,
    -0.691742063,
    0.286402524,
    0.0453170463,
    0.695970058,
    -0.7300193,
    -0.152143463,
    -0.3815738,
    -0.307281584,
    0.333243579,
    -0.467769742,
    0.0216979273,
    0.6706046,
    0.859587669,
    0.8285903,
    0.7331331
  ],
  [
    0.7101277,
    -0.303771943,
    -0.05305829,
    0.610541,
    -0.519788444,
    -0.130419537,
    -0.517808855,
    -0.230663925,
    -0.396896183,
    -0.120663352,
    -0.4902581,
    0.383298546,
    0.0269133523,
    -0.005494419,
    -0.06696819,
    -0.483671248,
    -0.18250294,
    -0.50450927,
    -0.193632022,
    -0.5452303,
    0.2719144,
    -0.144502714,
    0.440698832,
    -0.378326029,
    -0.253639162,
    -1.147702,
    0.06082085,
    -0.0406239666,
    -0.233370975,
    0.3780402,
    -0.169760734,
    -0.627155244
  ],
  [
    -0.853048444,
    -0.6171389,
    0.25964123,
    -0.4293418,
    0.3914098,
    0.5622093,
    -0.722807348,
    -0.389192075,
    -0.291787982,
    -0.394092172,
    -0.4324968,
    -0.5158384,
    -0.129000559,
    -1.06567991,
    0.0198740829,
    -0.30324313,
    -0.34591642,
    -0.1799366,
    -0.5139616,
    0.0758111253,
    0.2537848,
    0.4793151,
    -0.4191659,
    -0.6380683,
    0.0583902039,
    0.09409384,
    -0.185143009,
    0.06514133,
    -0.446717829,
    -0.297662258,
    -0.3791771,
    0.7548445
  ],
  [
    0.731381834,
    -0.672675669,
    0.6075811,
    0.443049967,
    0.646782339,
    0.232594445,
    0.414036363,
    -0.6492629,
    -0.3408315,
    -0.69783926,
    -0.7516623,
    -0.7957845,
    0.5594546,
    0.6345253,
    -0.181673154,
    -0.570929766,
    -0.5116981,
    0.46609512,
    -0.287216842,
    0.1943891,
    0.9074615,
    0.4097809,
    0.4903064,
    -0.5348709,
    -0.172105774,
    0.160354912,
    -0.5037398,
    -7.459946E-05,
    0.3388635,
    0.314686567,
    -0.812847555,
    -0.484466583
  ],
  [
    0.7318829,
    -0.3151177,
    -0.365456551,
    -0.8091254,
    -0.8720328,
    -0.327055216,
    -0.3829023,
    -0.509002864,
    -0.238516182,
    -0.4986889,
    -0.6726706,
    0.117556557,
    -0.0163565129,
    1.01477921,
    0.108104289,
    -0.3465525,
    -0.381285042,
    0.6664703,
    -0.1133921,
    -0.2517635,
    -0.826898754,
    0.5648501,
    0.6531127,
    -0.148170248,
    -0.269945025,
    -0.0207652,
    0.41451472,
    1.02685368,
    0.4300658,
    -0.241858721,
    0.229909688,
    0.222258568
  ]
]