[
  [
    -0.2596054,
    -0.204250067,
    0.224676311,
    0.138094753,
    0.114940934,
    0.309754074,
    -0.136688039,
    -0.2793079,
    -0.4600997,
    -0.47219196,
    0.08157523,
    0.113630243,
    -0.12696673,
    0.55616,
    -0.129447728,
    -0.3050176,
    -0.377158165,
    -0.418126374,
    -0.433554,
    0.0467790067,
    0.239613414,
    -0.149627343,
    0.0305130165,
    0.583233,
    0.428015083,
    0.253156573,
    -0.142250091,
    -0.184940517,
    0.03389477,
    -0.00555910263,
    -0.7577504,
    0.5869667,
    0.3434941,
    -0.008412962,
    0.157622859,
    0.1640877,
    -0.135350063,
    0.0806511343,
    0.287998617,
    -0.230447173,
    -0.0878577754,
    -0.290656358,
    0.528856158,
    -0.5177717,
    -0.400187284,
    0.244371548,
    -0.281100154,
    -0.371914983,
    0.2552573,
    0.514144659,
    -0.22001563,
    -0.3463012,
    0.348439217,
    0.245339915,
    -0.217690215,
    0.221568942,
    0.08811705,
    -0.2650417,
    0.135231957,
    -0.7210046,
    0.409588456,
    -0.409240037,
    -0.2836896,
    -0.14589873
  ],
  [
    0.300170243,
    -0.0974422842,
    0.388524115,
    0.0159413759,
    0.0130441654,
    -0.37226674,
    -0.293878555,
    -0.107120186,
    -0.156001762,
    -0.419107,
    -0.415792316,
    -0.167901888,
    -0.1429076,
    0.252550572,
    -0.04064582,
    0.07153716,
    -0.1282389,
    -0.03042242,
    -0.196330488,
    -0.169589013,
    0.312763,
    0.421085566,
    -0.139450833,
    -0.134417877,
    0.378089339,
    0.009021122,
    0.0614821,
    0.364650428,
    -0.408175141,
    -0.2619027,
    -0.287834,
    0.307380021,
    0.352362335,
    -0.256482333,
    0.283628851,
    0.5102984,
    -0.256464452,
    -0.278900534,
    0.299935073,
    0.155772835,
    -0.06616307,
    -0.333503932,
    0.07754752,
    0.183123276,
    -0.499721348,
    -0.201288462,
    0.06307706,
    0.0745002,
    0.226536185,
    0.139852718,
    0.2780405,
    -0.116621546,
    -0.0197041612,
    0.142616123,
    0.237244815,
    -0.307180226,
    -0.290359735,
    0.06021911,
    -0.0308695156,
    -0.05024761,
    -0.05136601,
    -0.257622242,
    -0.3149785,
    0.129985288
  ],
  [
    -0.3795836,
    -0.288449645,
    0.243492,
    0.192881808,
    0.7850741,
    -0.559720755,
    0.16462,
    -0.12009459,
    -0.0688698962,
    0.0411887243,
    -0.0211581588,
    0.08556088,
    -0.739500761,
    -0.06744922,
    0.108798355,
    0.241149783,
    0.339986235,
    -0.242916912,
    -0.462579966,
    -0.206909373,
    0.151016027,
    0.3859507,
    -0.311905533,
    -0.378575772,
    0.3228958,
    0.155740917,
    0.236816242,
    0.03591999,
    -0.007742461,
    0.3495978,
    0.03728471,
    -0.1433685,
    0.05732917,
    -0.17351304,
    -0.260717124,
    0.402029246,
    0.111744836,
    -0.110318042,
    -0.454558343,
    0.02865804,
    -0.429618716,
    0.116085686,
    -0.9427349,
    -0.06538092,
    -0.410132825,
    0.217532247,
    0.1654857,
    -0.0802343,
    0.0449893139,
    -0.222878456,
    -0.126507923,
    -0.135744914,
    -0.148217246,
    -0.163370639,
    -0.19547011,
    -0.267045647,
    -0.09110498,
    -0.261154264,
    0.476216972,
    -0.0828209147,
    0.09750058,
    -0.3580185,
    -0.157046124,
    0.0574023575
  ],
  [
    -0.0170927141,
    -0.139305785,
    0.158173651,
    -0.05742898,
    0.0386850871,
    -0.03882955,
    -0.227540672,
    -0.2488104,
    -0.0482769273,
    -0.123893164,
    0.525550246,
    -0.298979342,
    0.124067083,
    -0.01290117,
    0.169996589,
    -0.09058274,
    -0.375597626,
    -0.04603695,
    0.129247829,
    0.1034189,
    0.14613314,
    0.225337386,
    0.49753806,
    0.0439027138,
    0.09295281,
    -0.160671145,
    -0.3509504,
    0.176142856,
    0.318881661,
    -0.136872217,
    0.296476066,
    0.07190107,
    -0.06723723,
    -0.1705811,
    0.187488467,
    -0.0321215354,
    -0.00689854147,
    0.09176734,
    -0.0542342477,
    -0.413966119,
    0.0444245,
    -0.168789,
    -0.396610618,
    0.294722527,
    0.2090632,
    -0.3397276,
    0.3094667,
    -0.42177096,
    0.189702332,
    -0.028874388,
    0.194332838,
    -0.136481956,
    0.005577288,
    -0.171592116,
    0.3172344,
    -0.489860833,
    0.327328444,
    -0.251771361,
    -0.164898723,
    0.2323641,
    -0.079193,
    -0.0292726886,
    -0.0475583635,
    -0.246997774
  ],
  [
    -0.343558371,
    0.114286989,
    -0.3372981,
    0.692566931,
    0.07320636,
    0.0914888,
    -0.0586533844,
    0.285499573,
    0.2970028,
    0.138042569,
    0.488282025,
    0.179237977,
    -0.5143227,
    -0.133185029,
    0.187875032,
    0.1736325,
    -0.126759946,
    0.240496054,
    -0.08252336,
    0.0912541747,
    -0.06387268,
    -0.079905,
    -0.259960771,
    0.2901642,
    -0.2601501,
    -0.242995918,
    -0.0869753659,
    -0.0529100746,
    0.221916988,
    -0.170489863,
    0.09166401,
    0.495631754,
    -0.0922528952,
    -0.00747316238,
    -0.438080668,
    0.127924129,
    0.4235421,
    0.246646225,
    -0.194764614,
    0.08279531,
    0.00126776926,
    0.050022006,
    0.118520565,
    -0.196834043,
    0.0372832566,
    -0.265587956,
    0.303176254,
    0.2236189,
    -0.4127246,
    0.108103544,
    -0.166253448,
    -0.262621731,
    -0.06546171,
    -0.1288196,
    0.143123776,
    0.245763674,
    0.386228353,
    0.009457791,
    0.201077223,
    -0.5003667,
    0.0590752065,
    0.0906080753,
    0.222128436,
    0.319438457
  ],
  [
    -0.0936906,
    -0.0344461538,
    -0.0331246927,
    0.0397527032,
    0.305532277,
    0.137618154,
    0.212175414,
    -0.256424934,
    -0.218623266,
    0.0141718052,
    0.24526982,
    -0.372386068,
    -0.272169262,
    -0.261087865,
    0.1707485,
    -0.212244615,
    -0.197079,
    -0.08227544,
    0.277478278,
    0.198942631,
    0.0988775641,
    0.009244067,
    0.458281875,
    0.175766855,
    -0.30555582,
    -0.265201658,
    -0.21273835,
    0.29589662,
    0.1893758,
    0.0280319471,
    0.200070247,
    0.333178,
    -0.241379112,
    -0.0922189355,
    -0.118397169,
    -0.112960756,
    -0.177528292,
    0.3073146,
    -0.0892080963,
    -0.06774364,
    -0.112985075,
    0.19557409,
    0.160219043,
    0.10426677,
    0.060858313,
    -0.0526029244,
    0.253789842,
    -0.3356829,
    0.0304028746,
    -0.06947448,
    0.0239047613,
    0.151811764,
    -0.310989916,
    -0.245078027,
    0.292414367,
    -0.0402713865,
    0.282979339,
    -0.09733003,
    -0.101847611,
    -0.106042296,
    -0.121694326,
    0.0250660628,
    0.179866821,
    -0.07198475
  ],
  [
    0.252594769,
    0.246938244,
    0.193734914,
    -0.3361012,
    -0.126849517,
    -0.135111675,
    0.397755861,
    -0.0406813622,
    -0.429298967,
    -0.2879738,
    0.436366677,
    0.230705991,
    -0.126618356,
    -0.299443662,
    -0.158089146,
    0.127954826,
    -0.3232926,
    -0.171203226,
    -0.235071942,
    0.0780727342,
    0.379670948,
    0.451145738,
    -0.0845671743,
    0.270962536,
    0.122672968,
    -0.220772043,
    0.02796401,
    0.2990596,
    -0.356146872,
    0.325286746,
    -0.534588635,
    0.05335342,
    0.398913383,
    -0.04989206,
    0.275898546,
    0.172197267,
    -0.09222472,
    0.0794112161,
    0.06677561,
    0.05777152,
    0.404049516,
    0.50671947,
    -0.216492712,
    0.0045658364,
    -0.313259751,
    -0.0749448761,
    -0.08599409,
    -0.0283198841,
    0.000227259457,
    0.250090182,
    -0.325645566,
    -0.04929522,
    -0.199644461,
    -0.8588534,
    0.08640985,
    0.0965045,
    0.351298541,
    -0.2871095,
    0.269586921,
    -0.446883768,
    -0.07189431,
    -0.539328158,
    -0.308645457,
    -0.0949058458
  ],
  [
    0.185492277,
    0.038162604,
    -0.14268899,
    -0.1306964,
    -0.0238250867,
    -0.220969081,
    -0.0898696855,
    -0.361666024,
    -0.0573321655,
    -0.133416459,
    0.40783903,
    -0.117110632,
    0.16587092,
    -0.190893218,
    0.292805135,
    0.20617801,
    -0.333505332,
    -0.476204753,
    0.120096251,
    0.142581835,
    0.100948021,
    -0.3544667,
    0.482624322,
    -0.0355343334,
    -0.2566013,
    -0.146953642,
    -0.314162076,
    0.241845191,
    0.335116535,
    -0.5121854,
    0.03702778,
    0.09440077,
    0.05537757,
    0.108992033,
    0.0477732345,
    0.145246714,
    -0.363271117,
    0.180136755,
    0.10769555,
    -0.157867461,
    -0.12561506,
    0.315641135,
    -0.164048046,
    0.01280696,
    0.223064229,
    -0.0585627444,
    0.5782324,
    -0.219135776,
    0.2582741,
    -0.00499758357,
    0.24763234,
    -0.003691984,
    -0.106332645,
    -0.152675644,
    0.386403769,
    -0.3853884,
    0.07608178,
    -0.0724332556,
    -0.3112703,
    0.119854853,
    -0.0474807136,
    0.3753467,
    0.06984233,
    -0.215599269
  ],
  [
    0.300821453,
    0.101811565,
    0.0342785679,
    0.406674027,
    0.111044087,
    0.3035782,
    0.413949549,
    -0.188700065,
    -0.2664149,
    0.154992655,
    -0.00388628826,
    -0.008888392,
    0.415731341,
    0.321490556,
    -0.292997271,
    -0.512735367,
    -0.0448165424,
    -0.0180027448,
    0.186268449,
    0.08851798,
    -0.2005627,
    0.030972736,
    -0.166446432,
    0.6174055,
    -0.481246352,
    0.3150322,
    -0.27051425,
    -0.300183952,
    0.23809734,
    -0.454710215,
    -0.02665923,
    0.3422712,
    -0.231933013,
    0.2866883,
    0.149513826,
    0.09905671,
    -0.8584687,
    -0.0452627,
    0.235877365,
    0.14998877,
    0.028292913,
    -0.5633507,
    -0.119440116,
    0.09255444,
    0.6510448,
    -0.0256783254,
    0.209591344,
    -0.06692304,
    0.181058675,
    0.133403912,
    -0.175217465,
    0.400711834,
    0.133097529,
    0.360599548,
    0.09120056,
    0.174032211,
    0.360888749,
    -0.06851647,
    -0.31717062,
    -0.6006369,
    0.05407686,
    0.3046473,
    -0.3043385,
    -0.18648918
  ],
  [
    -0.188429579,
    0.104815044,
    -0.243484542,
    -0.308034837,
    -0.5612815,
    0.109443322,
    0.09407982,
    0.09542461,
    0.365151316,
    0.0751937255,
    0.05733894,
    0.182395712,
    -0.09024946,
    0.120401151,
    -0.14145121,
    0.242266372,
    0.0735144,
    0.03599907,
    -0.2718604,
    0.0287563987,
    -0.0319961756,
    -0.342402548,
    0.142537162,
    -0.170854673,
    0.0339032635,
    0.113508537,
    0.306967139,
    0.434566557,
    -0.250857234,
    -0.0131961387,
    -0.0220966265,
    0.00559079228,
    0.307841957,
    0.357196569,
    0.07751631,
    -0.145483062,
    -0.1384903,
    -0.0493764356,
    -0.173081964,
    0.242983311,
    0.265922219,
    0.0017922055,
    0.205444157,
    -0.07062305,
    -0.319618851,
    -0.251357257,
    -0.149223,
    0.260349482,
    0.315607041,
    -0.198777348,
    -0.29922232,
    -0.2131373,
    -0.140355244,
    -0.08696949,
    -0.2391312,
    0.231012121,
    0.09127845,
    -0.121254236,
    0.266013,
    -0.0468465537,
    0.300036,
    -0.234955952,
    -0.01692911,
    -0.109091252
  ],
  [
    0.06391795,
    0.08850643,
    -0.07575435,
    0.181884751,
    0.150020927,
    -0.4941027,
    -0.210103735,
    -0.126192987,
    0.009550639,
    0.442890048,
    0.185581729,
    -0.171223715,
    0.565891564,
    -0.110256918,
    -0.294105977,
    -0.08978145,
    -0.177700892,
    -0.126314223,
    -0.182372287,
    0.05612142,
    -0.4301039,
    0.335715771,
    0.144981652,
    -0.06960057,
    -0.40592593,
    -0.170040235,
    0.0452962145,
    0.300003827,
    0.140671372,
    -0.3081019,
    0.6030259,
    -0.0261222012,
    -0.175316855,
    -0.08448499,
    -0.0282019917,
    -0.06512037,
    -0.297644675,
    -0.233419612,
    0.09547603,
    -0.007453461,
    -0.22317557,
    0.6436388,
    0.06747224,
    -0.0295524113,
    0.6517961,
    0.14862743,
    0.0272711087,
    0.198994309,
    -0.261650622,
    -0.487656057,
    0.0708645955,
    0.451443285,
    -0.119326971,
    0.00553023443,
    0.110433131,
    0.319232672,
    0.08652439,
    0.668964446,
    -0.3409448,
    -0.04365148,
    0.161587268,
    0.2623909,
    -0.3579003,
    0.218316421
  ],
  [
    0.369253457,
    0.5100493,
    0.115474336,
    -0.134901509,
    -0.2969976,
    -0.61607945,
    -0.6546354,
    0.08181908,
    0.2826842,
    0.0211826358,
    -0.116732337,
    0.288739324,
    0.335925281,
    -0.101279937,
    -0.181839257,
    0.252301335,
    0.3313643,
    -0.0396882221,
    0.3558477,
    -0.178784549,
    0.0101904962,
    -0.119174078,
    0.204999462,
    -0.552108943,
    -0.2793733,
    -0.29290098,
    0.217256323,
    0.19006145,
    -0.242462739,
    -0.286005855,
    0.2521563,
    -0.702665865,
    -0.188489035,
    -0.3686943,
    0.232066482,
    -0.120594569,
    0.0212270487,
    0.157437667,
    -0.0393234938,
    -0.2536863,
    0.07905496,
    0.482526,
    0.2154555,
    0.5179057,
    -0.07708794,
    -0.119862229,
    0.0605881549,
    0.387339473,
    -0.3962775,
    -0.420082,
    -0.107895061,
    0.215748876,
    -0.372901529,
    -0.1190748,
    -0.2736183,
    -0.4643409,
    -0.06472853,
    0.244469762,
    -0.326991081,
    0.447209775,
    0.110998817,
    -0.0503194965,
    -0.340563059,
    0.0212762728
  ],
  [
    -0.093339406,
    -0.115721442,
    -0.0617347844,
    0.08238072,
    -0.0235928074,
    0.0310129076,
    -0.09223318,
    0.08080423,
    0.12376567,
    0.159541056,
    0.208621636,
    0.122109368,
    0.20712465,
    -0.3514031,
    0.1211339,
    0.0242122263,
    -0.08250329,
    -0.498730242,
    0.200773656,
    0.1987091,
    -0.103178084,
    -0.2127653,
    0.392650664,
    0.20891948,
    -0.239062577,
    -0.4048619,
    0.00446518371,
    -0.139167711,
    0.24015744,
    -0.235449553,
    0.25101307,
    0.0373089425,
    -0.156851634,
    -0.0971882641,
    0.07221458,
    0.203332141,
    -0.345296621,
    0.452632248,
    -0.0807061642,
    -0.1902567,
    -0.174092427,
    0.181571662,
    -0.113036923,
    0.128103286,
    -0.141828164,
    -0.0589836948,
    0.572922468,
    -0.500202358,
    0.216913164,
    -0.06692226,
    -0.03448423,
    0.381953925,
    -0.0795356855,
    -0.411195874,
    0.195224985,
    -0.258014768,
    0.174132973,
    0.1334966,
    -0.450809628,
    0.0617086552,
    0.204124913,
    0.0605869964,
    -0.1432821,
    -0.141879022
  ],
  [
    -0.492895275,
    0.194497272,
    -0.2762489,
    -0.152087241,
    0.0261133388,
    0.2641136,
    -0.171574831,
    -0.406162232,
    -0.128631771,
    0.09887378,
    0.08082061,
    -0.112359121,
    -0.3375827,
    0.0984380841,
    -0.296279967,
    0.05625506,
    0.293779731,
    -0.319022834,
    -0.238777846,
    -0.03651927,
    -0.399721831,
    0.0578050837,
    -0.07466555,
    -0.177204713,
    0.0323029533,
    -0.234111041,
    -0.353061557,
    -0.09935691,
    0.309106946,
    0.0622464977,
    -0.197163671,
    -0.06642598,
    -0.00559131242,
    0.11458315,
    -0.402903736,
    0.161331311,
    0.0709393844,
    -0.140710816,
    -0.3409369,
    0.04763443,
    0.239948079,
    0.416038275,
    0.129996464,
    -0.0336488336,
    0.2606432,
    0.2511461,
    0.02938877,
    0.409147531,
    0.103575312,
    -0.483314037,
    0.215784326,
    -0.224405214,
    -0.05979417,
    0.01858443,
    -0.04677562,
    0.719914854,
    -0.3441777,
    0.0103501426,
    0.3651283,
    0.359504223,
    -0.131696329,
    0.334364444,
    0.442106247,
    -0.1356604
  ],
  [
    -0.0134838372,
    0.183173746,
    0.0619540066,
    -0.016401086,
    -0.0153157255,
    0.1697661,
    0.07729025,
    -0.161349326,
    -0.4138008,
    -0.6567349,
    0.3023431,
    0.21154049,
    -0.1909484,
    -0.133439884,
    0.256836116,
    0.124547571,
    0.124954134,
    -0.192360252,
    0.501713037,
    0.141772017,
    0.230348662,
    -0.178047165,
    -0.298821062,
    0.3072773,
    -0.177517116,
    0.190080747,
    0.0457046144,
    -0.161863908,
    0.032260526,
    -0.102782063,
    -0.6728617,
    -0.2850274,
    -0.136129633,
    -0.6973444,
    -0.09792688,
    -0.137359247,
    0.6964256,
    0.4140226,
    0.558106065,
    -0.0827100649,
    -0.00454542274,
    0.307476372,
    0.0715766549,
    0.323964983,
    -0.2818431,
    -0.175758511,
    0.211522788,
    -0.3712588,
    -0.244307488,
    0.3406477,
    -0.166641027,
    -0.226534024,
    0.131802067,
    -0.5358014,
    0.039408762,
    -0.198269174,
    0.47520116,
    -0.611442,
    -0.247777462,
    -0.18956928,
    0.4280995,
    -0.04340641,
    -0.0305582117,
    0.224001378
  ],
  [
    0.249803185,
    -0.10522075,
    0.160799757,
    -0.05495608,
    0.5359298,
    0.105601221,
    -0.085006386,
    -0.0546486638,
    0.127645612,
    0.133144915,
    0.178369358,
    -0.473040253,
    0.11942029,
    -0.352362156,
    0.122684009,
    -0.07136984,
    -0.2551229,
    -0.2963003,
    0.2560287,
    -0.0346185267,
    -0.241744936,
    -0.277014852,
    0.168567434,
    0.1616455,
    -0.08368744,
    -0.330304146,
    -0.330509424,
    -0.0264378116,
    -0.0143338256,
    -0.449319154,
    -0.04505468,
    0.301794052,
    -0.5021239,
    0.1891124,
    -0.0963489339,
    0.106798708,
    0.0779719055,
    0.118192427,
    -0.113308586,
    -0.254062533,
    0.0875773057,
    0.206438556,
    -0.224347636,
    0.350351334,
    0.06622785,
    -0.2701794,
    0.194381922,
    -0.5213326,
    0.527695239,
    -0.290679663,
    0.450133383,
    0.371281415,
    -0.465246916,
    0.0886459053,
    0.137117982,
    -0.470169127,
    0.07011407,
    -0.08036142,
    -0.493782073,
    -0.201956615,
    -0.3287058,
    0.195607066,
    -0.08743638,
    0.121827245
  ],
  [
    0.216801271,
    -0.116501033,
    -0.397424161,
    -0.351350039,
    -0.0326142274,
    0.04627314,
    0.5874948,
    0.208539709,
    -0.394898385,
    -0.254561454,
    -0.148633242,
    -0.0174112841,
    -0.223887563,
    0.188874915,
    0.08973365,
    0.0324882157,
    0.201086819,
    -0.0883949846,
    0.309429616,
    -0.2278938,
    -0.202358767,
    0.0378964879,
    -0.09958481,
    -0.0920105,
    -0.191812664,
    0.0687945,
    -0.2591325,
    -0.161392465,
    0.62309736,
    0.140186518,
    -0.06866147,
    0.294202924,
    -0.168794587,
    -0.07302734,
    -0.132509887,
    0.0420443229,
    0.272512078,
    -0.07412536,
    -0.500329733,
    0.191523835,
    0.228846416,
    0.07596579,
    -0.0314247943,
    -0.0630897,
    0.0532885231,
    -0.0564517938,
    0.0226761345,
    0.207794,
    0.05796527,
    -0.309757084,
    -0.3041902,
    -0.00583624654,
    0.0683698952,
    -0.257862121,
    0.0185358413,
    0.766604662,
    0.143572167,
    -0.016772097,
    0.09625478,
    -0.22179617,
    0.169654459,
    0.226218447,
    0.4602144,
    0.08648136
  ],
  [
    0.159012273,
    0.220049143,
    -0.328610033,
    -0.211505845,
    -0.209240049,
    -0.0115400618,
    0.351698518,
    -0.10213431,
    -0.0245914049,
    -0.227137461,
    0.405014217,
    0.2004626,
    0.198771343,
    -0.324915975,
    -0.1434175,
    0.00675758,
    0.0383574441,
    -0.113896273,
    0.3528926,
    0.219274387,
    -0.009919915,
    -0.228650257,
    -0.137521312,
    0.0648115352,
    0.02108512,
    0.111797817,
    -0.0911250561,
    -0.498090118,
    0.459139556,
    0.3005953,
    0.2650898,
    -0.140880391,
    0.191688031,
    0.3731337,
    -0.289173335,
    -0.169074059,
    0.6685016,
    -0.200797036,
    0.563472152,
    -0.0296103973,
    0.265681982,
    0.8966073,
    -0.2373342,
    0.364672184,
    0.3098351,
    0.205433264,
    -0.14763312,
    0.2831717,
    -0.294812471,
    -0.370634824,
    0.02092409,
    0.117571525,
    0.112911381,
    -0.350927562,
    -0.121529907,
    0.100548029,
    0.424989432,
    -0.4150277,
    -0.105587244,
    0.104557358,
    -0.0275750514,
    0.0585521273,
    0.2928796,
    -0.106589556
  ],
  [
    0.1536366,
    0.03250985,
    0.211910352,
    0.4244788,
    0.103346847,
    -0.36053887,
    -0.179847792,
    -0.304983974,
    -0.24355337,
    -0.06498604,
    0.1538287,
    0.07718932,
    0.0797689557,
    0.08625232,
    0.0266005285,
    0.177515849,
    0.176088884,
    0.00176937669,
    0.0463969447,
    -0.12867631,
    0.196830437,
    -0.177227125,
    0.244169831,
    0.0163298752,
    -0.05070994,
    0.284135818,
    -0.2446801,
    -0.275261283,
    0.334220648,
    -0.167353511,
    -0.0575891547,
    0.101473294,
    -0.07868093,
    -0.355083019,
    -0.0273153428,
    0.157516435,
    -0.08816572,
    -0.18257764,
    -0.213479072,
    -0.204788476,
    0.223632678,
    0.4409771,
    -0.260781169,
    -0.061843574,
    0.08389095,
    -0.160530239,
    -0.178013965,
    -0.376950264,
    0.3903544,
    -0.0409899019,
    0.3162355,
    0.029756926,
    0.136485025,
    -0.418010682,
    -0.0568725727,
    0.14611882,
    0.3038716,
    0.284790456,
    0.215631858,
    -0.322466522,
    -0.0601812452,
    0.1265381,
    0.03627575,
    0.09950398
  ],
  [
    -0.0129975183,
    0.240479842,
    0.2963707,
    0.653805256,
    -0.150163978,
    -0.323200166,
    -0.4353484,
    0.279784143,
    0.3131449,
    -0.112371981,
    0.269298226,
    -0.002262739,
    -0.191745237,
    0.220678315,
    0.00786104053,
    0.2547847,
    0.11123322,
    0.364167273,
    -0.09398214,
    -0.119363129,
    0.137284487,
    0.455173552,
    -0.3007432,
    -0.09566635,
    0.08905346,
    0.169127136,
    0.2573065,
    0.226496816,
    -0.422329515,
    -0.134227127,
    -0.296158969,
    0.434743941,
    0.2934393,
    -0.190594241,
    0.348275453,
    0.0239533763,
    -0.0601329841,
    0.100134864,
    -0.203626975,
    0.05365707,
    0.130010486,
    0.169146448,
    0.5017969,
    -0.5914828,
    -0.427727342,
    0.1818966,
    0.03375701,
    -0.04991455,
    -0.142995179,
    0.2736681,
    -0.210023776,
    0.406426817,
    -0.2105333,
    -0.297043532,
    0.1606692,
    -0.21431233,
    0.113730147,
    0.629360437,
    0.0683752745,
    -0.294566244,
    0.09003531,
    -0.05792998,
    -0.0414777957,
    0.15960297
  ],
  [
    0.323431373,
    -0.04719832,
    -0.145881176,
    -0.2922498,
    0.144517481,
    -0.0180186126,
    -0.163741484,
    -0.183298171,
    -0.262528777,
    0.0247777514,
    -0.3910428,
    0.272774845,
    0.442716539,
    -0.0363988653,
    -0.158459112,
    -0.137587652,
    -0.07099328,
    0.24501358,
    0.307328731,
    0.190979347,
    0.0591671169,
    0.0659897849,
    -0.269215316,
    0.14341335,
    0.0145658636,
    0.0130020911,
    0.139294654,
    0.21034281,
    -0.165104166,
    0.194457874,
    -0.09338087,
    -0.161731824,
    0.08104757,
    0.363537133,
    -0.05803695,
    -0.114576481,
    -0.426257551,
    -0.3034559,
    0.417923152,
    0.2152138,
    -0.0323644355,
    0.06942429,
    -0.0799556747,
    0.213566929,
    -0.009674126,
    0.352824062,
    -0.174492538,
    0.112551019,
    -0.0224325489,
    0.160755277,
    -0.172475338,
    -0.305838764,
    0.19037427,
    -0.008812138,
    -0.3596874,
    -0.208118916,
    -0.109972112,
    0.168058217,
    0.00266834931,
    -0.0248703733,
    -0.2544741,
    -0.285428464,
    -0.404491454,
    0.138420567
  ],
  [
    -0.0618031733,
    0.09962131,
    -0.292835385,
    -0.06732256,
    -0.565529466,
    -0.1682774,
    -0.1804044,
    0.09005207,
    0.412996322,
    0.153704032,
    -0.4277322,
    0.265301049,
    -0.08986756,
    0.255931944,
    -0.186182752,
    -0.09830677,
    0.535879,
    0.430764735,
    -0.174480423,
    -0.154926971,
    0.139872268,
    0.160491243,
    -0.6317584,
    -0.07463881,
    0.346628845,
    0.113915913,
    0.192461818,
    0.207866341,
    -0.2572541,
    0.488783628,
    -0.467411757,
    -0.376137376,
    0.475343585,
    0.157397255,
    0.0758569539,
    -0.5605783,
    0.189323172,
    -0.3751612,
    0.00580016058,
    0.461337239,
    0.112738967,
    0.07255014,
    0.258063585,
    -0.088933304,
    -0.4150486,
    0.291158319,
    -0.5300187,
    0.3326651,
    -0.1702897,
    0.377272934,
    -0.380543381,
    -0.447714657,
    0.575380445,
    0.07236685,
    -0.5035038,
    0.50913763,
    -0.4578599,
    -0.203213945,
    0.5688136,
    -0.203998625,
    -0.106945485,
    -0.469143748,
    -0.0183648877,
    0.263360173
  ],
  [
    0.00547248637,
    -0.242198,
    0.196001992,
    -0.348801374,
    0.04679286,
    0.204294786,
    0.1351238,
    -0.115594283,
    0.144055218,
    -0.0110626128,
    -0.348892868,
    -0.127805665,
    0.280006826,
    0.362762928,
    0.131046876,
    0.04190197,
    0.243233949,
    0.386690766,
    0.5447074,
    -0.0474843569,
    -0.008016688,
    0.08230104,
    0.100759648,
    -0.315539122,
    0.0238718633,
    -0.0111074038,
    -0.248691425,
    0.135255292,
    -0.178180352,
    -0.350859761,
    0.203598037,
    0.170290574,
    -0.4227906,
    0.09947487,
    -0.226514,
    -0.311725885,
    0.0216171276,
    0.158606961,
    -0.0614944957,
    -0.124180183,
    0.07687554,
    -0.3671067,
    0.293856233,
    0.167628467,
    0.184191629,
    -0.2430003,
    -0.0148896342,
    0.404742748,
    0.153313637,
    -0.118578985,
    -0.2913453,
    0.11384578,
    0.175597236,
    0.366828769,
    -0.131578922,
    -0.01375337,
    -0.410561353,
    0.09800084,
    -0.07397457,
    0.4713341,
    -0.0391386338,
    0.253195524,
    -0.04317502,
    -0.197313175
  ],
  [
    0.24170281,
    -0.145740658,
    -0.191004246,
    -0.297252536,
    -0.266403079,
    -0.0493082367,
    -0.181332976,
    0.166341081,
    -0.132673681,
    0.202616021,
    -0.199424937,
    0.5581982,
    -0.100411221,
    0.2470357,
    -0.11323218,
    -0.0476855971,
    0.4356817,
    0.4742082,
    -0.100886814,
    -0.160466492,
    -0.0383702777,
    -0.06543201,
    -0.5667046,
    -0.003943243,
    0.1581876,
    0.137655348,
    0.394145668,
    -0.04421265,
    -0.137032136,
    0.142682269,
    -0.07493824,
    -0.25470525,
    0.5234353,
    0.08451449,
    0.332035124,
    -0.143982992,
    0.325357467,
    -0.491585672,
    0.00583903166,
    0.423300862,
    -0.06729123,
    -0.327815741,
    0.181163386,
    -0.4054333,
    0.11186102,
    0.540840447,
    -0.8019975,
    0.468318,
    -0.254367232,
    0.103758506,
    -0.3688116,
    -0.0395751931,
    0.2796845,
    0.479029119,
    -0.5271788,
    0.143941,
    -0.592454731,
    0.0522498451,
    0.561425,
    -0.0330411121,
    0.180538729,
    -0.295329481,
    -0.0009616552,
    0.113547035
  ],
  [
    -0.5116884,
    0.246801168,
    -0.209401563,
    -0.236910284,
    0.03308631,
    0.6135081,
    -0.279599935,
    -0.06113575,
    -0.224998385,
    -0.0651948452,
    -0.0426173732,
    -0.19361183,
    0.0334414579,
    0.419738263,
    0.109878264,
    -0.383305639,
    -0.11644017,
    -0.3014544,
    0.162233964,
    0.101784006,
    -0.143346012,
    -0.341746867,
    0.15343906,
    0.369490564,
    -0.08809666,
    -0.124808863,
    -0.419573456,
    -0.6717961,
    0.6218888,
    0.245771483,
    -0.06259259,
    0.156473845,
    0.135249034,
    0.390584052,
    -0.159507424,
    -0.009544113,
    0.331849039,
    0.341924369,
    -0.0325088352,
    0.374364734,
    -0.1635971,
    0.237818867,
    0.476988345,
    -0.400593281,
    0.267861933,
    0.096491456,
    -0.04268683,
    0.23371838,
    0.0107879946,
    -0.09651183,
    -0.33561945,
    -0.558389246,
    0.106832154,
    -0.13748391,
    -0.2840908,
    0.6091761,
    -0.4113795,
    -0.0608539,
    -0.200952977,
    0.09743777,
    -0.0515850745,
    -0.03735956,
    0.5756019,
    0.1412326
  ],
  [
    0.288002163,
    0.06095323,
    -0.03799389,
    -0.3700501,
    -0.188376456,
    -0.304712683,
    0.6009279,
    -0.273734927,
    -0.242373049,
    -0.3467698,
    -0.143705174,
    -0.0309024919,
    -0.184963092,
    -0.06506698,
    -0.170993283,
    0.084387,
    -0.0931976438,
    -0.08417676,
    0.0187829174,
    -0.0323030949,
    0.122939043,
    0.247158736,
    -0.241415158,
    -0.2663935,
    0.362386674,
    0.0327805169,
    0.121133849,
    0.78369,
    -0.0646116138,
    0.22459875,
    -0.0448828936,
    -0.120187208,
    0.228962436,
    -0.234566316,
    0.0136472089,
    -0.024811089,
    -0.145491078,
    -0.226251528,
    -0.46698314,
    0.2067446,
    0.2574692,
    0.124421604,
    -0.0544251055,
    0.3534256,
    -0.6273668,
    0.20059298,
    0.187022373,
    0.1131124,
    -0.0303868223,
    -0.233232662,
    0.0278847869,
    -0.106667452,
    -0.2763361,
    -0.177476034,
    0.197883919,
    -0.166343912,
    0.156030908,
    -0.412293673,
    0.00404767925,
    0.248342708,
    0.09756751,
    -0.264556855,
    -0.3316856,
    0.0665919259
  ],
  [
    -0.391225725,
    -0.09391992,
    -0.07467255,
    -0.318975061,
    0.0243043061,
    0.2623846,
    0.5467895,
    0.09290347,
    0.2920995,
    -0.299516052,
    0.4251828,
    0.103876226,
    -0.0254085623,
    -0.177286074,
    0.0585573167,
    0.4822869,
    0.07480024,
    -0.04241368,
    0.0373257138,
    -0.349875629,
    0.0145016769,
    0.14611575,
    -0.207873166,
    -0.0545009747,
    0.03548988,
    0.115480356,
    0.02771223,
    0.388787329,
    0.446905881,
    -0.181536227,
    0.324636638,
    0.0771638155,
    0.104182929,
    0.2896293,
    0.127561867,
    -0.103088327,
    -0.398512721,
    -0.168015659,
    -0.5903525,
    0.501532853,
    0.663548648,
    0.332781434,
    -0.455088645,
    -0.201419681,
    -0.067354,
    -0.0251346268,
    0.15445669,
    0.140142053,
    0.233387515,
    -0.665714562,
    0.08800593,
    -0.0456208,
    -0.182149768,
    -0.372772455,
    -0.127268463,
    0.2975806,
    0.377379715,
    0.0321976,
    0.174083844,
    0.211533248,
    -0.122956164,
    0.0559301674,
    0.267365783,
    0.285018861
  ],
  [
    0.0148441866,
    -0.02315996,
    -0.151514724,
    -0.284300834,
    -0.0585273355,
    0.304020762,
    -0.0343069769,
    -0.0115501611,
    0.011716241,
    -0.1595637,
    -0.254623026,
    0.214960888,
    -0.176683962,
    0.09467544,
    0.165804029,
    0.143037364,
    0.332224667,
    0.09412265,
    -0.2261378,
    -0.161853746,
    0.160539269,
    0.22093831,
    -0.44022277,
    -0.317367882,
    0.365868866,
    0.3645799,
    -0.05575647,
    0.103372104,
    -0.04459684,
    0.143908784,
    0.00437974464,
    -0.09422518,
    0.292460084,
    -0.142143726,
    0.140788332,
    -0.427066326,
    0.361831069,
    -0.35356918,
    0.189484343,
    0.277320832,
    0.106175587,
    0.04932755,
    0.05321295,
    -0.131556481,
    0.145566538,
    0.427765667,
    -0.09246481,
    0.295742422,
    -0.0590834729,
    0.520100534,
    -0.250325859,
    -0.121685043,
    0.454449147,
    0.4201773,
    -0.326239377,
    0.377329737,
    -0.3268058,
    0.124725364,
    0.150476784,
    0.13014558,
    0.0728423744,
    -0.138371453,
    0.0983399749,
    0.01392073
  ],
  [
    0.5521171,
    0.108950496,
    0.0295052771,
    -0.21867846,
    0.641386032,
    -0.31894964,
    0.273718417,
    -0.527674139,
    -0.371141255,
    -0.427463651,
    0.0482532643,
    0.0119787473,
    0.280671954,
    0.443690956,
    -0.204426482,
    -0.3600608,
    0.29257378,
    -0.3574085,
    0.625531554,
    -0.42176497,
    -0.0659597,
    0.259816051,
    -0.289049864,
    0.153582454,
    -0.080375,
    0.320742428,
    -0.0535676554,
    0.460864246,
    0.457477659,
    0.09405264,
    0.124215081,
    -0.18217054,
    -0.62418896,
    -0.665502131,
    -0.292158484,
    0.4301228,
    -0.260307938,
    0.122586,
    -0.633189,
    0.4778389,
    -0.18793042,
    0.0837544,
    -0.253573269,
    0.4166868,
    -0.110404059,
    0.1215535,
    -0.210323378,
    -0.04767936,
    -0.2546484,
    0.259721279,
    -0.4285754,
    0.320986629,
    0.124953158,
    -0.222122163,
    0.07661411,
    0.485546082,
    -0.185651988,
    -0.352091372,
    -0.16052407,
    0.448191077,
    0.289119154,
    -0.129698008,
    0.00564211933,
    0.05768722
  ],
  [
    -0.04835353,
    -0.3458047,
    0.257587254,
    0.179593772,
    0.4976896,
    0.361206353,
    -0.117324613,
    -0.580707252,
    -0.0988899246,
    0.265460461,
    0.201957554,
    -0.3175646,
    0.18501389,
    0.159304753,
    -0.04256668,
    0.103185035,
    -0.152793959,
    -0.281448662,
    -0.02623316,
    -0.259189248,
    0.05180496,
    0.524489,
    0.269426256,
    0.4734597,
    0.37391144,
    -0.0526438,
    -0.166585043,
    -0.283816874,
    0.461597741,
    -0.4358506,
    0.6302571,
    0.587263942,
    -0.0350078978,
    0.138928875,
    -0.104841463,
    0.0728221759,
    -0.283460468,
    0.212544829,
    -0.138775811,
    -0.336230069,
    -0.569971442,
    -0.003133851,
    -0.593076169,
    0.2689612,
    0.330120116,
    0.0693438,
    0.395844877,
    -0.140510738,
    -0.0163940545,
    -0.2812272,
    0.309123456,
    -0.213048309,
    0.117626078,
    -0.233148813,
    -0.00536632352,
    0.0711168051,
    0.0268395841,
    0.023810938,
    0.0693543553,
    0.221456245,
    0.104481742,
    0.113529488,
    -0.03449288,
    0.09047063
  ],
  [
    0.07657172,
    0.231305107,
    0.212314978,
    0.366029948,
    -0.366696656,
    0.0841840953,
    -0.450018,
    0.144482687,
    -0.24701193,
    -0.348186344,
    0.239191934,
    0.10707546,
    0.234852225,
    0.05297689,
    0.2839438,
    0.01650639,
    -0.006453573,
    0.180026278,
    0.03572103,
    0.07596864,
    0.0757966042,
    -0.3274335,
    -0.148287758,
    0.13458316,
    -0.360161126,
    -0.00445449073,
    -0.177852854,
    -0.2072252,
    0.0645274147,
    0.183838546,
    -0.329841465,
    0.1538979,
    -0.305390626,
    -0.137968391,
    0.131928071,
    -0.403869182,
    0.0393500365,
    -0.0607284866,
    0.5704948,
    -0.302999616,
    0.5507533,
    0.148047745,
    0.463256747,
    0.3524715,
    -0.07952195,
    0.0345098,
    0.257850051,
    -0.120705016,
    0.249861285,
    0.379549116,
    -0.08601163,
    -0.235037625,
    0.212469041,
    -0.3181527,
    -0.2168821,
    -0.212287441,
    0.07261012,
    -0.0150352838,
    0.0295543578,
    -0.1025728,
    0.0736652538,
    0.141482726,
    -0.292476147,
    -0.29566884
  ],
  [
    -0.239082113,
    -0.348208249,
    0.356813669,
    0.272702217,
    -0.0421789251,
    -0.122949786,
    -0.462079257,
    -0.151512533,
    -0.356163949,
    0.279233724,
    0.421100736,
    -0.192173854,
    -0.03395007,
    -0.2609393,
    -0.186230779,
    0.6062949,
    -0.112437211,
    -0.3027109,
    -0.481871456,
    -0.243236676,
    -0.08917449,
    0.0938051343,
    0.341806859,
    0.0644221,
    0.03213788,
    -0.2402964,
    0.07257378,
    -0.7563198,
    0.09419387,
    0.00439158967,
    -0.211187914,
    0.3538605,
    0.735616565,
    -0.110914834,
    0.05414384,
    0.001728019,
    -0.272558242,
    -0.324097842,
    0.197138071,
    -0.0490900949,
    -0.2081584,
    0.5668219,
    -0.0460760668,
    -0.225991055,
    0.008491462,
    -0.08717609,
    -0.0481998,
    -0.0656968057,
    -0.238018617,
    0.02384067,
    0.02211871,
    -0.185574755,
    0.0875164345,
    -0.305864334,
    0.274324179,
    -0.0521291,
    0.07027938,
    0.1783564,
    -0.15306215,
    -0.168992519,
    0.2017171,
    -0.26131615,
    0.07076429,
    0.211267248
  ]
]