[
  -0.035912808,
  -0.00156865292,
  0.0500130132,
  0.108302459,
  -0.0213186685,
  -0.0121141365,
  0.106073819,
  -0.011176399,
  0.08068026,
  0.0860174745,
  -0.09807248,
  -0.0163851567,
  -0.07342633,
  -0.120755963,
  0.169249982,
  0.107807845,
  0.03771194,
  -0.0416425765,
  0.119829148,
  0.1153698,
  -0.033542756,
  0.0792027637,
  0.137265682,
  -0.035205435,
  -0.102486424,
  -0.0148358885,
  -0.055127494,
  0.0286749173,
  -0.0503109433,
  -0.0163676646,
  0.0128542734,
  0.08210158,
  0.05345205,
  0.006998536,
  0.0281766262,
  0.009109506,
  -0.11074423,
  0.106823646,
  -0.0256886929,
  -0.0276210178,
  0.0514772534,
  0.028157644,
  0.0805688947,
  -0.0551755,
  -0.06709479,
  -0.031570062,
  -0.05595416,
  0.009602007,
  0.0209159181,
  0.0487631261,
  0.105638944,
  -0.04999956,
  0.0451859534,
  -0.0364025533,
  -0.0341673121,
  -0.133439109,
  0.08173435,
  -0.0115691544,
  -0.0497405864,
  0.106924817,
  -0.177751467,
  0.0215373877,
  -0.0523601249,
  0.004545899
]