[
  [
    -0.106164835,
    -0.18984957,
    -0.231391251,
    -0.254265845,
    -0.0714125857,
    -0.323799044,
    -0.114517063,
    -0.55720216,
    0.248440117,
    -0.10214483,
    0.134733647,
    -0.201396987,
    -0.224694744,
    0.359647065,
    -0.333232224,
    0.0389246941,
    0.316925347,
    -0.15376687,
    0.008708667,
    0.112816662,
    -0.0620209165,
    0.125839919,
    0.256182462,
    0.153039455,
    0.662856042,
    0.0194524974,
    0.483804047,
    0.165331259,
    0.2333882,
    0.192728043,
    -0.204282939,
    -0.1694599
  ],
  [
    0.22897,
    0.250106424,
    -0.3281967,
    0.09359174,
    0.143565625,
    -0.4962307,
    0.1553398,
    -0.601148069,
    0.4041515,
    -0.190149575,
    0.422325581,
    0.419252366,
    -0.244917512,
    -0.0860054642,
    0.0662148744,
    0.0695635453,
    -0.216052771,
    -0.2623475,
    -0.1753982,
    0.352017939,
    -0.02594158,
    0.390038162,
    -0.2645077,
    -0.0582797378,
    -0.1095171,
    0.05481721,
    -0.574534535,
    -0.0092854,
    0.223510638,
    -0.273263454,
    0.114523746,
    0.6708176
  ],
  [
    0.362466842,
    -0.509128451,
    -0.118679948,
    -0.383135527,
    0.32474193,
    -0.6211893,
    0.252748758,
    -0.8514428,
    0.348408848,
    -0.2160394,
    -0.100682206,
    -0.5292989,
    -0.0551977158,
    -0.161771283,
    0.447659135,
    0.220825925,
    0.434517145,
    0.07780115,
    0.0385786,
    -0.4349918,
    -0.388856679,
    0.485288262,
    -0.385356158,
    0.135065928,
    0.308585733,
    -0.252522618,
    -0.0145342592,
    0.0633607,
    -0.287954867,
    -0.124971434,
    0.09568696,
    0.0611593723
  ],
  [
    0.560630858,
    0.199071825,
    -0.08951914,
    -0.02822559,
    -0.50642556,
    -0.5030408,
    0.198966533,
    -0.419247121,
    0.396775067,
    -0.06981648,
    -0.47873956,
    -0.22027941,
    -0.373753428,
    -0.276806116,
    0.289071381,
    0.183320343,
    -0.362714022,
    -0.428402722,
    -0.00422299141,
    -0.172645345,
    0.134386286,
    0.1466009,
    0.179022372,
    0.2140639,
    0.113335662,
    0.122376785,
    -0.21290803,
    0.257317483,
    0.2095691,
    -0.125329867,
    0.227445126,
    -0.439531863
  ],
  [
    -0.352214754,
    -0.0186995715,
    -0.6219325,
    -0.40623647,
    -0.0259773955,
    -0.8610489,
    0.300891,
    -0.4188979,
    -0.714549065,
    0.248862952,
    -0.03270302,
    0.602060735,
    -0.3907883,
    -0.03743804,
    0.7513165,
    0.107256785,
    -0.008150092,
    0.1876126,
    -0.226082131,
    -0.06103423,
    -0.350711554,
    0.3486701,
    0.102540843,
    0.184122384,
    0.07700729,
    0.5432825,
    0.16759634,
    0.341194063,
    -0.341066629,
    -0.392128319,
    0.305952847,
    -0.526363134
  ],
  [
    -0.5796992,
    -0.1719843,
    -0.113924742,
    -0.265557915,
    0.200757861,
    -0.546227634,
    -0.5919395,
    -0.44885987,
    0.37459293,
    -0.1929538,
    0.152645379,
    0.09599794,
    -0.2614591,
    -0.703522265,
    -0.512801647,
    0.115381092,
    -0.5108654,
    -0.162624523,
    -0.139070511,
    0.3797854,
    0.007462184,
    0.323864251,
    0.5174179,
    0.304051429,
    -0.644194543,
    -0.248543248,
    -0.171705738,
    0.281096369,
    -0.214892089,
    0.170959085,
    -0.3067608,
    -0.189238131
  ],
  [
    -0.375881761,
    -0.137140676,
    0.0825811252,
    -0.46858722,
    -0.188943014,
    -0.900565267,
    -0.134825617,
    -0.408727765,
    -0.342936277,
    -0.337027133,
    0.04633354,
    0.5601152,
    -0.210405946,
    0.329335421,
    0.2917865,
    0.249374509,
    -0.368970722,
    0.228934243,
    0.0251304861,
    -0.24581632,
    -0.1807724,
    0.5268422,
    0.12984997,
    0.257462054,
    0.617544532,
    -0.268858761,
    -0.302920371,
    0.0153379086,
    0.103198,
    0.354057848,
    0.168714225,
    0.0408696942
  ],
  [
    0.126295745,
    0.527974069,
    0.17154035,
    0.3302916,
    -0.008610269,
    -0.631023,
    0.1838502,
    -0.553847253,
    -0.3921067,
    0.273066372,
    -0.05196598,
    -0.5230817,
    -0.248748168,
    0.238367587,
    -0.492455959,
    0.0858383,
    -0.2303701,
    -0.0216423851,
    -0.132311851,
    0.0638735443,
    -0.218612492,
    -0.02381617,
    -0.103158318,
    0.09841897,
    -0.173146,
    0.53797543,
    0.258330733,
    0.002128111,
    -0.5044183,
    0.201372355,
    0.200259343,
    0.4418715
  ],
  [
    -0.288395256,
    -0.108042561,
    -0.146228716,
    -0.146673337,
    -0.171668425,
    -0.6990872,
    0.604798257,
    -0.8393736,
    0.739468157,
    0.00161483313,
    0.389000952,
    0.1600742,
    -0.4660944,
    -0.351630032,
    0.400698632,
    -0.2625478,
    0.00777159,
    0.334744722,
    0.188425049,
    -0.435617328,
    -0.00170711614,
    0.567841351,
    0.0122994818,
    0.445982277,
    -0.237843737,
    0.234993145,
    0.370358884,
    0.07911572,
    0.08276768,
    0.32231155,
    0.2960279,
    -0.156826869
  ],
  [
    -0.6336738,
    0.0037772716,
    0.7368116,
    -0.4371117,
    0.101970583,
    -0.349866,
    -0.0540817156,
    -0.5114297,
    -0.733078539,
    -0.347897917,
    -0.302537471,
    0.270780355,
    -0.315718,
    0.0222200677,
    0.608292043,
    0.0441476367,
    0.182300434,
    -0.105924346,
    0.160141423,
    -0.162541434,
    -0.08669789,
    0.165115282,
    0.05722843,
    0.5321889,
    -0.135202155,
    0.203167349,
    -0.04370529,
    0.252707779,
    0.5187382,
    0.460725039,
    -0.227277964,
    -0.401160628
  ]
]